Pos	Qual	Freq	Ref	Base	UngappedCoverage	TotalCoverage	VariantCov	ForwardVariantCov	ReverseVariantCov	RefCov	ForwardRefCov	ReverseRefCov
54	0	0.038461538461538464	T	C	286	289	11	1	10	273	92	181
116	0	0.13309352517985612	C	A	278	281	37	25	12	240	112	128
118	0	0.11392405063291139	C	T	79	81	9	0	9	63	49	14
119	0	0.041379310344827586	A	T	145	147	6	0	6	131	121	10
122	0	0.04878048780487805	A	G	410	410	20	0	20	390	193	197
147	0	0.03784570596797671	G	A	687	687	26	24	2	661	121	540
169	0	0.3835616438356164	T	A	146	148	56	0	56	89	37	52
173	0	0.0452418096723869	C	T	641	642	29	1	28	612	546	66
189	0	0.09340659340659341	G	T	182	187	17	0	17	163	125	38
194	0	0.10493827160493827	C	T	162	165	17	0	17	145	81	64
204	0	0.0777027027027027	C	T	296	297	23	0	23	273	174	99
222	0	0.12331838565022421	C	T	446	447	55	0	55	389	380	9
248	0	0.05822784810126582	C	T	395	396	23	21	2	372	246	126
333	0	0.05394190871369295	G	A	482	487	26	25	1	456	1	455
359	0	0.0436046511627907	C	T	1032	1036	45	14	31	985	559	426
423	0	0.05497220506485485	G	A	1619	1621	89	38	51	1529	653	876
467	0	0.08805513016845329	T	C	1306	1311	115	47	68	1189	599	590
475	0	0.05641421947449768	C	T	1294	1301	73	58	15	1218	758	460
488	0	0.05521472392638037	A	G	489	491	27	26	1	462	261	201
490	0	0.03932584269662921	G	A	178	179	7	7	0	169	118	51
491	0	0.030837004405286344	T	A	227	237	7	7	0	216	211	5
492	0	0.10429447852760736	G	T	163	170	17	17	0	144	103	41
496	0	0.2222222222222222	G	A	252	256	56	30	26	195	20	175
511	0	0.031914893617021274	A	G	282	283	9	9	0	273	117	156
558	0	0.10212765957446808	T	A	705	708	72	40	32	626	314	312
635	0	0.05063291139240506	T	C	237	245	12	0	12	225	49	176
652	0	0.03414634146341464	T	G	205	214	7	3	4	196	150	46
653	0	0.042682926829268296	G	A	656	665	28	16	12	628	398	230
714	0	0.06494661921708185	T	C	1124	1139	73	0	73	1051	929	122
719	0	0.07443531827515401	T	C	1948	1948	145	66	79	1798	1046	752
762	0	0.04170444242973708	C	T	1103	1105	46	1	45	1056	1055	1
768	0	0.0502092050209205	T	C	239	267	12	12	0	226	179	47
803	0	0.041979010494752625	A	G	1334	1334	56	15	41	1278	732	546
829	0	0.038461538461538464	C	A	338	360	13	6	7	325	126	199
833	0	0.04046242774566474	G	A	346	351	14	14	0	327	55	272
837	0	0.13714285714285715	T	C	525	541	72	41	31	453	188	265
854	0	0.05233380480905234	T	A	707	708	37	0	37	668	229	439
917	0	0.09714285714285714	C	T	350	355	34	0	34	316	98	218
950	0	0.09900990099009901	G	A	1111	1119	110	44	66	1001	289	712
957	0	0.031017369727047148	C	T	806	808	25	4	21	780	594	186
990	0	0.09329446064139942	G	A	343	353	32	32	0	310	97	213
994	0	0.03038674033149171	T	C	362	364	11	0	11	351	99	252
1070	0	0.09293320425943853	C	T	1033	1034	96	49	47	936	557	379
1129	0	0.038391224862888484	G	A	547	550	21	19	2	524	135	389
1175	0	0.2489451476793249	A	G	474	513	118	105	13	356	55	301
1176	0	0.043478260869565216	G	A	667	669	29	29	0	638	180	458
1183	0	0.031007751937984496	C	T	387	391	12	4	8	367	366	1
1187	0	0.11406844106463879	T	G	263	353	30	29	1	233	207	26
1229	0	0.24561403508771928	G	A	114	131	28	28	0	84	63	21
1337	0	0.07662835249042145	A	T	2088	2096	160	74	86	1926	991	935
1343	0	0.06656580937972768	C	T	1322	1330	88	39	49	1206	83	1123
1442	0	0.08365508365508366	C	T	777	779	65	35	30	712	488	224
1457	0	0.033932135728542916	T	C	501	507	17	0	17	484	269	215
1475	0	0.06752873563218391	A	G	696	696	47	4	43	648	293	355
1499	0	0.10093457943925234	G	A	535	542	54	10	44	480	126	354
1517	0	0.053763440860215055	G	T	93	97	5	0	5	88	65	23
1522	0	0.16312056737588654	G	T	141	143	23	10	13	118	16	102
1586	0	0.19047619047619047	C	T	168	203	32	1	31	135	96	39
1622	0	0.05181347150259067	G	A	386	396	20	15	5	365	24	341
1655	0	0.13338856669428334	C	T	1207	1207	161	86	75	1045	569	476
1664	0	0.09939759036144578	A	G	664	669	66	66	0	595	113	482
1665	0	0.06385281385281386	G	A	924	927	59	58	1	862	171	691
1736	0	0.07319952774498228	A	G	847	847	62	23	39	785	366	419
1756	0	0.03164556962025317	G	A	316	321	10	10	0	306	5	301
1768	0	0.030612244897959183	C	A	392	392	12	0	12	380	102	278
1840	0	0.08974358974358974	A	G	156	158	14	14	0	142	10	132
1841	0	0.03125	C	T	128	129	4	1	3	123	43	80
1895	0	0.03048780487804878	C	T	164	175	5	0	5	158	99	59
1904	0	0.10510510510510511	T	C	1332	1341	140	62	78	1191	873	318
1922	0	0.04226312201772325	C	T	1467	1475	62	37	25	1400	437	963
1947	0	0.032679738562091505	G	A	459	663	15	15	0	441	171	270
1965	0	0.17905405405405406	T	G	1480	1483	265	31	234	1211	600	611
2030	0	0.04409171075837742	T	C	567	578	25	0	25	542	490	52
2066	0	0.23529411764705882	C	T	323	324	76	30	46	247	138	109
2091	0	0.06070640176600441	T	C	906	909	55	1	54	851	724	127
2093	0	0.0641304347826087	T	C	920	937	59	12	47	858	514	344
2111	0	0.09117647058823529	T	G	1020	1027	93	73	20	927	427	500
2156	0	0.08476658476658476	G	A	814	847	69	36	33	745	3	742
2200	0	0.06588881262868909	G	A	1457	1476	96	58	38	1361	706	655
2282	0	0.5733113673805601	A	G	607	924	348	203	145	259	41	218
2285	0	0.5279605263157895	C	T	608	611	321	107	214	287	114	173
2286	0	0.03968253968253968	G	T	504	507	20	20	0	483	317	166
2298	0	0.5514440433212996	T	C	1108	1109	611	487	124	495	310	185
2320	0	0.03768115942028986	T	A	690	690	26	22	4	664	388	276
2331	0	0.09366391184573003	G	A	363	363	34	33	1	329	170	159
2369	0	0.04011461318051576	A	T	349	353	14	14	0	331	89	242
2370	0	0.04744525547445255	C	A	274	281	13	13	0	258	105	153
2394	0	0.642069550466497	A	G	1179	1228	757	442	315	419	228	191
2411	0	0.6165123456790124	C	T	1296	1299	799	441	358	496	262	234
2433	0	0.045584045584045586	C	T	351	390	16	2	14	335	248	87
2450	0	0.15625	A	T	96	101	15	0	15	80	80	0
2455	0	0.030303030303030304	G	A	165	165	5	1	4	159	15	144
2504	0	0.07545164718384698	G	A	941	941	71	71	0	867	136	731
2505	0	0.03889789303079417	G	A	1234	1234	48	46	2	1172	390	782
2525	0	0.13480392156862744	G	A	1224	1233	165	18	147	1058	116	942
2541	0	0.08823529411764706	G	A	306	317	27	25	2	279	179	100
2599	0	0.036016949152542374	A	G	472	477	17	17	0	455	396	59
2606	0	0.07106598984771574	C	T	197	199	14	13	1	180	112	68
2607	0	0.051470588235294115	C	T	136	140	7	7	0	127	93	34
2648	0	0.17275280898876405	T	G	712	732	123	58	65	589	495	94
2654	0	0.07042253521126761	C	T	568	570	40	40	0	524	511	13
2655	0	0.07255520504731862	G	A	317	321	23	22	1	294	213	81
2773	0	0.07378335949764521	A	C	637	641	47	30	17	590	350	240
2781	0	0.13725490196078433	T	G	1377	1484	189	62	127	1144	976	168
2811	0	0.048143053645116916	G	C	1454	1459	70	0	70	1380	1054	326
2812	0	0.05118411000763942	T	A	1309	1371	67	0	67	1236	1044	192
2828	0	0.16829745596868884	C	T	1022	1022	172	89	83	849	114	735
2842	0	0.265625	G	T	256	270	68	1	67	186	159	27
2864	0	0.1415327564894932	A	G	1618	1637	229	98	131	1389	365	1024
2922	0	0.15789473684210525	C	T	380	384	60	28	32	319	240	79
2923	0	0.09761388286334056	T	C	461	489	45	12	33	415	355	60
3022	0	0.032520325203252036	A	G	246	264	8	7	1	238	38	200
3038	0	0.100169779286927	T	C	1178	1178	118	79	39	1059	613	446
3050	0	0.08069458631256383	T	C	979	982	79	59	20	899	460	439
3052	0	0.04979253112033195	T	C	1205	1205	60	45	15	1142	641	501
3058	0	0.03810408921933085	G	A	1076	1079	41	4	37	1035	202	833
3071	0	0.04395604395604396	A	G	1547	1550	68	47	21	1472	754	718
3110	0	0.05254424778761062	T	C	1808	1810	95	39	56	1713	596	1117
3123	0	0.039016115351993216	C	T	1179	1180	46	1	45	1132	765	367
3148	0	0.17829457364341086	T	C	2580	2583	460	177	283	2114	931	1183
3232	0	0.044854881266490766	C	T	379	380	17	0	17	359	341	18
3241	0	0.08333333333333333	T	C	456	574	38	7	31	418	382	36
3282	0	0.037486218302094816	A	G	907	908	34	10	24	872	256	616
3338	0	0.05362776025236593	T	C	634	637	34	0	34	598	495	103
3395	0	0.030430220356768102	T	C	953	957	29	1	28	923	560	363
3427	0	0.21543408360128619	G	A	1244	1245	268	268	0	972	108	864
3432	0	0.04186046511627907	G	A	430	432	18	14	4	412	39	373
3433	0	0.034482758620689655	A	G	203	207	7	2	5	196	51	145
3435	0	0.12560386473429952	T	G	207	367	26	0	26	181	153	28
3451	0	0.05036726128016789	T	C	953	956	48	0	48	903	498	405
3473	0	0.05039193729003359	C	T	1786	1787	90	50	40	1690	1242	448
3518	0	0.03862660944206009	C	T	233	235	9	2	7	223	62	161
3566	0	0.04684317718940937	C	T	1473	1473	69	47	22	1402	692	710
3579	0	0.3914590747330961	G	T	281	304	110	1	109	170	157	13
3581	0	0.03515625	A	G	256	272	9	8	1	247	5	242
3585	0	0.05555555555555555	C	T	180	191	10	0	10	169	152	17
3593	0	0.04935622317596566	C	T	1398	1398	69	50	19	1329	531	798
3605	0	0.0521978021978022	G	A	728	728	38	13	25	687	448	239
3617	0	0.035398230088495575	G	A	1130	1134	40	14	26	1090	502	588
3649	0	0.059602649006622516	G	A	151	155	9	8	1	140	73	67
3650	0	0.05531914893617021	C	A	235	241	13	3	10	220	135	85
3713	0	0.05	G	T	240	240	12	3	9	219	104	115
3714	0	0.07903780068728522	C	T	291	291	23	2	21	268	231	37
3718	0	0.04526748971193416	C	G	729	741	33	1	32	669	560	109
3767	0	0.09840425531914894	A	T	376	381	37	19	18	325	148	177
3798	0	0.04032258064516129	G	A	372	378	15	15	0	356	87	269
3827	0	0.0651750972762646	C	T	1028	1040	67	22	45	960	645	315
3836	0	0.09049079754601227	T	C	652	659	59	2	57	592	502	90
3850	0	0.04833836858006042	G	T	331	333	16	15	1	314	47	267
3886	0	0.045112781954887216	T	G	266	270	12	0	12	251	92	159
3887	0	0.05176470588235294	G	C	425	429	22	22	0	398	38	360
3928	0	0.032066508313539195	T	C	842	859	27	9	18	815	565	250
3943	0	0.0611353711790393	C	T	229	231	14	0	14	213	159	54
3986	0	0.06724303554274735	T	C	1041	1058	70	1	69	970	482	488
3989	0	0.06458923512747876	T	C	1765	1769	114	55	59	1651	702	949
4042	0	0.05314533622559653	T	C	922	935	49	0	49	872	596	276
4044	0	0.07889908256880734	C	T	545	572	43	0	43	498	275	223
4076	0	0.05422993492407809	C	G	461	477	25	1	24	432	424	8
4082	0	0.14942528735632185	G	T	261	262	39	37	2	222	60	162
4085	0	0.0956140350877193	T	C	1140	1140	109	75	34	1030	494	536
4093	0	0.05154639175257732	T	C	97	98	5	5	0	92	86	6
4094	0	0.5060975609756098	C	T	164	167	83	60	23	81	80	1
4105	0	0.059447983014861996	G	A	471	471	28	2	26	443	118	325
4106	0	0.10831721470019343	A	G	517	517	56	3	53	461	89	372
4113	0	0.05565217391304348	A	G	575	579	32	32	0	543	192	351
4153	0	0.03284072249589491	T	C	609	611	20	1	19	589	319	270
4210	0	0.04417670682730924	G	A	249	256	11	10	1	237	52	185
4213	0	0.03125	G	T	160	162	5	5	0	151	6	145
4214	0	0.045454545454545456	T	A	22	40	1	0	1	21	19	2
4230	0	0.030042918454935622	C	G	233	234	7	0	7	225	123	102
4234	0	0.09210526315789473	C	T	76	87	7	0	7	65	12	53
4235	0	0.03125	T	C	96	157	3	0	3	91	1	90
4238	0	0.1949685534591195	C	T	477	489	93	44	49	384	50	334
4242	0	0.03461538461538462	G	A	260	267	9	9	0	251	5	246
4259	0	0.036193029490616625	C	T	1492	1496	54	3	51	1437	992	445
4295	0	0.08333333333333333	A	G	1932	1948	161	106	55	1771	489	1282
4408	0	0.07578558225508318	A	G	541	546	41	5	36	500	262	238
4444	0	0.0625	T	C	688	689	43	0	43	645	541	104
4454	0	0.03333333333333333	G	A	750	751	25	12	13	725	286	439
4493	0	0.039729501267962805	C	T	1183	1184	47	26	21	1135	567	568
4501	0	0.042801556420233464	C	A	257	257	11	2	9	246	95	151
4502	0	0.08648648648648649	C	T	185	185	16	12	4	166	52	114
4523	0	0.12411347517730496	G	A	282	282	35	25	10	244	109	135
4525	0	0.0351288056206089	T	A	427	434	15	0	15	410	284	126
4592	0	0.03679245283018868	A	G	2120	2120	78	44	34	2041	933	1108
4595	0	0.04090909090909091	C	T	1760	1767	72	49	23	1682	1027	655
4657	0	0.056291390728476824	A	G	302	322	17	1	16	284	98	186
4658	0	0.15920398009950248	G	A	201	232	32	7	25	169	31	138
4705	0	0.03185840707964602	T	C	565	569	18	0	18	545	480	65
4725	0	0.04040404040404041	G	T	198	200	8	8	0	188	17	171
4751	0	0.05929919137466307	T	C	742	744	44	29	15	698	472	226
4757	0	0.08058608058608059	T	C	546	553	44	2	42	499	354	145
4775	0	0.10648148148148148	A	G	216	221	23	1	22	193	41	152
4776	0	0.0547945205479452	G	C	365	370	20	0	20	344	111	233
4867	0	0.14626865671641792	T	C	335	360	49	0	49	286	252	34
4883	0	0.04742033383915023	T	C	2636	2640	125	101	24	2502	1918	584
4901	0	0.03183229813664596	G	A	1288	1291	41	37	4	1247	585	662
4918	0	0.03225806451612903	C	G	744	749	24	5	19	720	299	421
4919	0	0.17613636363636365	C	G	352	374	62	22	40	288	62	226
4985	0	0.05459057071960298	A	G	403	525	22	20	2	379	15	364
4988	0	0.1483375959079284	G	A	782	782	116	49	67	665	157	508
5000	0	0.09746835443037975	T	C	1580	1581	154	54	100	1424	713	711
5032	0	0.0648854961832061	T	C	262	292	17	0	17	245	76	169
5036	0	0.10076045627376426	C	T	1052	1053	106	47	59	945	702	243
5060	0	0.063875088715401	T	C	1409	1410	90	66	24	1319	790	529
5066	0	0.12060889929742388	C	T	854	855	103	40	63	750	456	294
5087	0	0.08561643835616438	C	T	584	589	50	23	27	490	402	88
5088	0	0.16260162601626016	G	A	492	495	80	80	0	398	124	274
5096	0	0.07033144704931285	T	C	1237	1237	87	38	49	1147	836	311
5100	0	0.035114503816793895	A	G	655	655	23	23	0	632	206	426
5156	0	0.09800190294957184	C	T	1051	1053	103	61	42	948	541	407
5211	0	0.03514376996805112	A	G	1252	1258	44	1	43	1208	700	508
5256	0	0.03306797305572566	A	C	1633	1633	54	53	1	1575	649	926
5267	0	0.10307898259705489	T	C	1494	1508	154	26	128	1334	1049	285
5269	0	0.036939313984168866	C	T	1516	1553	56	2	54	1436	1314	122
5315	0	0.1933916423712342	G	A	1029	1031	199	19	180	829	93	736
5369	0	0.672316384180791	C	T	1062	1067	714	361	353	345	286	59
5375	0	0.35294117647058826	A	G	2040	2045	720	395	325	1320	648	672
5387	0	0.3730512249443207	C	T	1796	1803	670	373	297	1126	654	472
5481	0	0.033630069238377844	A	T	1011	1015	34	34	0	975	212	763
5495	0	0.032527881040892194	T	C	1076	1080	35	1	34	1039	559	480
5502	0	0.039056742815033164	G	A	1357	1366	53	52	1	1300	365	935
5561	0	0.0628	C	T	2500	2500	157	92	65	2343	1251	1092
5591	0	0.20995670995670995	T	C	924	931	194	160	34	730	539	191
5633	0	0.03716814159292035	C	T	1130	1130	42	0	42	1088	655	433
5680	0	0.22835394862036157	C	T	1051	1124	240	131	109	810	713	97
5717	0	0.14953271028037382	C	T	1177	1178	176	54	122	999	375	624
5817	0	0.049008168028004666	G	A	857	883	42	41	1	815	13	802
5828	0	0.0978494623655914	T	C	2790	2791	273	234	39	2517	1359	1158
5871	0	0.03581267217630854	G	A	726	737	26	26	0	699	90	609
5906	0	0.03343465045592705	G	A	329	360	11	11	0	311	109	202
6002	0	0.14123006833712984	T	C	439	454	62	10	52	375	142	233
6056	0	0.10589651022864019	C	T	831	833	88	26	62	742	339	403
6075	0	0.0351219512195122	C	T	1025	1052	36	0	36	982	451	531
6092	0	0.09142270159219312	C	T	1947	1975	178	163	15	1769	1486	283
6101	0	0.10369068541300527	T	C	2276	2278	236	136	100	2040	1215	825
6111	0	0.044381491973559964	C	A	1059	1104	47	45	2	1008	134	874
6157	0	0.03739316239316239	T	C	936	940	35	0	35	887	195	692
6162	0	0.1007705986959099	G	A	1687	1689	170	169	1	1513	102	1411
6164	0	0.04283548142532222	C	T	2638	2639	113	40	73	2524	1246	1278
6194	0	0.031630170316301706	G	C	411	422	13	13	0	392	45	347
6195	0	0.06188925081433225	C	A	307	308	19	19	0	287	172	115
6279	0	0.04739336492890995	T	C	211	216	10	1	9	201	96	105
6352	0	0.06744868035190615	T	C	341	343	23	16	7	312	234	78
6363	0	0.10918918918918918	C	T	925	926	101	44	57	823	317	506
6443	0	0.09983361064891846	G	A	601	606	60	19	41	533	231	302
6472	0	0.034482758620689655	C	A	29	29	1	1	0	28	18	10
6477	0	0.0847457627118644	G	T	59	73	5	2	3	54	39	15
6479	0	0.04	A	G	50	54	2	2	0	48	1	47
6493	0	0.13043478260869565	T	C	23	27	3	0	3	20	18	2
6502	0	0.060240963855421686	T	C	83	84	5	0	5	77	53	24
6547	0	0.04	T	C	50	51	2	0	2	48	46	2
6583	0	0.0392156862745098	C	T	51	51	2	0	2	49	34	15
6628	0	0.10714285714285714	T	C	56	56	6	3	3	49	26	23
6629	0	0.13636363636363635	A	C	44	44	6	2	4	38	16	22
6630	0	0.08928571428571429	A	C	56	56	5	2	3	51	23	28
6631	0	0.0625	T	C	48	48	3	1	2	45	17	28
6632	0	0.1	G	A	50	50	5	1	4	45	17	28
6633	0	0.046511627906976744	C	G	43	43	2	0	2	41	19	22
6634	0	0.3055555555555556	T	A	36	36	11	2	9	25	18	7
6635	0	0.13725490196078433	T	C	51	51	7	1	6	42	19	23
6636	0	0.19607843137254902	T	A	51	51	10	1	9	40	19	21
6637	0	0.24324324324324326	T	C	37	38	9	2	7	28	14	14
6638	0	0.2	G	T	35	36	7	2	5	27	14	13
6641	0	0.2553191489361702	G	C	47	47	12	6	6	35	20	15
6645	0	0.2	C	A	25	26	5	3	2	20	18	2
6646	0	0.2	T	A	25	26	5	4	1	20	19	1
6647	0	0.041666666666666664	G	A	24	25	1	1	0	23	13	10
6649	0	0.11428571428571428	G	A	35	36	4	3	1	29	13	16
6652	0	0.25925925925925924	C	G	54	54	14	0	14	39	15	24
6654	0	0.2909090909090909	G	A	55	55	16	1	15	38	18	20
6656	0	0.04081632653061224	C	G	49	49	2	0	2	46	35	11
6659	0	0.375	G	C	48	54	18	13	5	29	21	8
6660	0	0.4423076923076923	C	T	52	52	23	15	8	29	21	8
6663	0	0.5510204081632653	G	A	49	49	27	12	15	22	9	13
6664	0	0.603448275862069	G	C	58	58	35	18	17	23	8	15
6668	0	0.7083333333333334	C	A	48	48	34	6	28	14	14	0
6671	0	0.16666666666666666	C	T	24	30	4	1	3	20	20	0
6673	0	0.0975609756097561	T	A	41	42	4	0	4	37	21	16
6675	0	0.13157894736842105	G	C	38	38	5	5	0	33	13	20
6678	0	0.15	T	A	40	40	6	5	1	33	20	13
6679	0	0.3	T	A	40	40	12	10	2	28	15	13
6699	0	0.04912280701754386	G	A	285	286	14	14	0	268	193	75
6746	0	0.06144578313253012	C	T	830	838	51	22	29	778	593	185
6804	0	0.042826552462526764	C	T	467	469	20	0	20	447	181	266
6890	0	0.1413237924865832	A	G	559	582	79	57	22	480	139	341
6944	0	0.1424731182795699	G	A	372	379	53	49	4	319	0	319
6985	0	0.07540702656383891	C	A	1167	1169	88	1	87	1079	780	299
6989	0	0.07528409090909091	C	T	2112	2114	159	89	70	1952	1104	848
6993	0	0.03863845446182153	G	A	1087	1106	42	42	0	1043	603	440
7037	0	0.09008145663632007	C	T	2087	2089	188	127	61	1899	1282	617
7049	0	0.11467116357504216	C	T	1186	1196	136	107	29	1047	687	360
7050	0	0.10570342205323194	T	C	1315	1324	139	113	26	1173	662	511
7094	0	0.14513556618819776	C	T	627	628	91	72	19	534	498	36
7107	0	0.030501089324618737	T	A	459	459	14	1	13	443	261	182
7108	0	0.4936708860759494	A	T	237	237	117	117	0	117	59	58
7112	0	0.03058823529411765	C	G	425	430	13	11	2	405	215	190
7148	0	0.16731016731016732	T	C	777	777	130	72	58	646	347	299
7151	0	0.19801980198019803	C	T	505	506	100	52	48	404	182	222
7155	0	0.049253731343283584	G	A	670	671	33	32	1	634	127	507
7156	0	0.047520661157024795	G	A	484	484	23	23	0	460	141	319
7168	0	0.031578947368421054	C	T	760	773	24	1	23	735	659	76
7175	0	0.13783783783783785	C	T	740	743	102	63	39	638	350	288
7204	0	0.05846153846153846	T	C	325	328	19	1	18	306	183	123
7208	0	0.03818615751789976	A	G	419	428	16	16	0	403	61	342
7214	0	0.030303030303030304	C	T	528	529	16	0	16	512	384	128
7220	0	0.03980099502487562	A	T	201	202	8	6	2	188	81	107
7234	0	0.06976744186046512	T	G	86	107	6	0	6	80	9	71
7240	0	0.07971014492753623	T	C	138	156	11	0	11	127	48	79
7281	0	0.03208556149732621	T	C	374	407	12	12	0	360	107	253
7293	0	0.043161434977578475	C	T	1784	1785	77	3	74	1705	1464	241
7379	0	0.07106598984771574	T	C	985	1017	70	2	68	914	663	251
7407	0	0.10144927536231885	C	A	138	148	14	13	1	123	20	103
7447	0	0.06716417910447761	T	A	268	269	18	0	18	249	177	72
7451	0	0.09481216457960644	C	T	559	567	53	34	19	504	337	167
7455	0	0.03565891472868217	T	C	645	657	23	1	22	622	491	131
7488	0	0.15217391304347827	T	G	92	94	14	12	2	76	59	17
7493	0	0.09929078014184398	G	T	282	282	28	11	17	253	143	110
7505	0	0.11095305832147938	T	C	703	716	78	40	38	625	468	157
7517	0	0.0824891461649783	C	T	691	693	57	38	19	634	273	361
7538	0	0.04769001490312966	A	G	671	675	32	18	14	639	177	462
7568	0	0.08996539792387544	T	C	578	605	52	32	20	524	303	221
7577	0	0.08123791102514506	T	C	2068	2080	168	134	34	1899	1321	578
7596	0	0.36160714285714285	A	T	224	261	81	69	12	135	134	1
7597	0	0.04943820224719101	G	A	445	464	22	21	1	413	368	45
7604	0	0.044971381847914965	T	C	1223	1223	55	24	31	1167	724	443
7607	0	0.07473309608540925	C	T	281	300	21	0	21	260	207	53
7624	0	0.03690685413005272	T	C	569	592	21	21	0	547	371	176
7652	0	0.06411698537682789	C	T	889	894	57	0	57	828	449	379
7673	0	0.0502283105022831	T	G	657	675	33	6	27	622	458	164
7713	0	0.09472049689440994	T	C	644	644	61	33	28	581	238	343
7732	0	0.034934497816593885	T	C	229	236	8	0	8	221	198	23
7817	0	0.03927492447129909	G	A	331	339	13	11	2	318	94	224
7826	0	0.038157894736842106	T	C	760	762	29	18	11	731	487	244
7870	0	0.12048192771084337	G	A	581	583	70	70	0	508	164	344
7887	0	0.15196078431372548	T	C	408	443	62	0	62	343	126	217
7916	0	0.2111756168359942	C	T	1378	1381	291	170	121	1084	742	342
7919	0	0.038338658146964855	A	G	313	317	12	7	5	297	28	269
7937	0	0.06574141709276844	C	T	1369	1374	90	60	30	1279	706	573
7939	0	0.0676773145641581	T	C	1847	1852	125	71	54	1721	795	926
7962	0	0.036	G	A	750	796	27	27	0	723	3	720
8007	0	0.0858806404657933	G	A	687	688	59	21	38	626	333	293
8048	0	0.1382488479262673	G	A	217	218	30	30	0	187	2	185
8050	0	0.07344632768361582	G	T	177	177	13	13	0	164	14	150
8097	0	0.04859335038363171	C	T	391	393	19	1	18	371	245	126
8105	0	0.07983193277310924	C	T	952	952	76	36	40	874	543	331
8108	0	0.0635593220338983	A	G	472	482	30	30	0	437	152	285
8124	0	0.0364741641337386	A	G	658	668	24	24	0	634	225	409
8185	0	0.037209302325581395	A	G	215	217	8	0	8	207	121	86
8310	0	0.0431266846361186	T	C	371	372	16	0	16	355	305	50
8387	0	0.20146520146520147	C	T	273	312	55	46	9	217	201	16
8390	0	0.04524886877828054	G	T	442	445	20	1	19	419	355	64
8396	0	0.08983050847457627	C	T	590	592	53	0	53	535	448	87
8408	0	0.18584070796460178	T	C	339	342	63	18	45	276	196	80
8409	0	0.0375	A	G	240	245	9	8	1	227	118	109
8429	0	0.10701956271576525	G	A	869	875	93	20	73	776	307	469
8461	0	0.04598490048043926	C	T	1457	1457	67	0	67	1390	1356	34
8471	0	0.045871559633027525	C	T	545	552	25	0	25	519	405	114
8483	0	0.045454545454545456	T	C	418	515	19	0	19	399	330	69
8597	0	0.10612244897959183	T	C	490	495	52	21	31	435	309	126
8610	0	0.049019607843137254	C	A	204	219	10	10	0	193	110	83
8637	0	0.06224066390041494	G	A	241	243	15	15	0	226	75	151
8723	0	0.040983606557377046	G	A	732	734	30	30	0	702	220	482
8728	0	0.06652806652806653	G	A	481	484	32	30	2	448	1	447
8740	0	0.03044496487119438	A	G	427	430	13	9	4	414	236	178
8745	0	0.06521739130434782	G	T	138	138	9	9	0	127	87	40
8755	0	0.07142857142857142	G	A	280	285	20	17	3	259	203	56
8769	0	0.04157043879907621	C	A	433	437	18	15	3	412	28	384
8785	0	0.03353927625772286	A	G	1133	1136	38	37	1	1092	254	838
8823	0	0.1486146095717884	C	T	1191	1195	177	63	114	1013	534	479
8825	0	0.0361247947454844	A	G	609	617	22	21	1	577	213	364
8826	0	0.03597883597883598	G	A	945	948	34	29	5	910	144	766
8852	0	0.11907894736842105	C	T	1520	1523	181	117	64	1337	727	610
8884	0	0.043795620437956206	G	A	548	548	24	24	0	524	110	414
8888	0	0.07722513089005235	T	C	764	764	59	11	48	704	349	355
8897	0	0.08695652173913043	A	G	138	141	12	12	0	126	121	5
8922	0	0.0387243735763098	G	A	439	446	17	13	4	422	1	421
8972	0	0.03382663847780127	A	G	473	474	16	15	1	457	100	357
8980	0	0.05641025641025641	A	G	390	397	22	11	11	367	180	187
9038	0	0.046413502109704644	A	G	474	475	22	8	14	452	259	193
9043	0	0.04861111111111111	G	A	576	579	28	19	9	548	0	548
9098	0	0.0686106346483705	T	C	1749	1750	120	35	85	1628	836	792
9107	0	0.06811145510835913	A	G	323	342	22	22	0	300	288	12
9114	0	0.108	A	G	750	771	81	79	2	668	282	386
9115	0	0.038523274478330656	G	A	623	627	24	24	0	598	261	337
9143	0	0.03014416775884666	C	T	763	795	23	0	23	740	711	29
9168	0	0.04392764857881137	A	G	387	401	17	11	6	370	2	368
9176	0	0.06735436893203883	C	T	1648	1655	111	46	65	1533	676	857
9200	0	0.03286978508217446	G	A	791	794	26	22	4	765	515	250
9225	0	0.1127129750982962	C	T	763	764	86	54	32	677	207	470
9242	0	0.08011869436201781	T	C	674	675	54	16	38	616	437	179
9272	0	0.09165808444902163	C	T	971	971	89	33	56	882	443	439
9277	0	0.05241379310344828	C	T	725	726	38	0	38	684	602	82
9296	0	0.1278772378516624	T	C	782	783	100	43	57	680	147	533
9380	0	0.049689440993788817	G	A	322	327	16	15	1	301	146	155
9424	0	0.031122448979591835	A	G	1960	1960	61	4	57	1899	1255	644
9429	0	0.08225108225108226	G	A	462	465	38	14	24	424	55	369
9431	0	0.061968408262454436	G	A	823	824	51	11	40	772	98	674
9455	0	0.0407503234152652	G	A	1546	1547	63	20	43	1480	371	1109
9529	0	0.038410596026490065	T	C	755	762	29	0	29	724	512	212
9601	0	0.030534351145038167	T	G	262	276	8	0	8	254	206	48
9634	0	0.05061349693251534	G	A	652	656	33	33	0	617	104	513
9677	0	0.1761723700887199	G	A	789	795	139	68	71	645	41	604
9713	0	0.045627376425855515	C	T	1052	1127	48	21	27	1004	879	125
9750	0	0.03346203346203346	G	A	777	783	26	20	6	751	16	735
9818	0	0.13247863247863248	G	A	234	253	31	30	1	203	33	170
9834	0	0.04316546762589928	G	A	278	283	12	12	0	264	174	90
9884	0	0.06822262118491922	G	A	1114	1114	76	26	50	1038	515	523
9887	0	0.04961505560307956	C	T	1169	1169	58	43	15	1111	475	636
9896	0	0.13188976377952755	T	A	508	508	67	29	38	439	238	201
9899	0	0.12429378531073447	A	G	177	193	22	19	3	153	68	85
9905	0	0.03800475059382423	G	A	421	426	16	16	0	404	224	180
9927	0	0.03298350824587706	G	T	667	668	22	22	0	645	251	394
9928	0	0.0436241610738255	C	T	298	305	13	0	13	283	134	149
9934	0	0.05	T	C	360	372	18	0	18	341	132	209
9994	0	0.038871951219512195	T	C	1312	1324	51	0	51	1259	732	527
10185	0	0.05789473684210526	T	C	190	241	11	0	11	178	12	166
10193	0	0.03143418467583497	A	G	509	512	16	4	12	493	261	232
10198	0	0.07109004739336493	G	A	211	217	15	4	11	196	22	174
10217	0	0.08602150537634409	A	G	744	749	64	32	32	679	390	289
10281	0	0.10568383658969804	G	A	1126	1126	119	64	55	1004	528	476
10286	0	0.1226252158894646	C	T	579	581	71	56	15	506	266	240
10314	0	0.05844155844155844	A	G	924	927	54	31	23	870	426	444
10319	0	0.08630952380952381	C	T	672	678	58	3	55	613	569	44
10324	0	0.053388090349075976	T	C	487	532	26	0	26	460	352	108
10342	0	0.03359173126614987	A	T	387	389	13	13	0	372	259	113
10349	0	0.12947189097103917	T	C	587	594	76	53	23	510	212	298
10360	0	0.03564727954971857	C	T	533	533	19	3	16	514	211	303
10361	0	0.19157088122605365	T	C	522	548	100	39	61	422	208	214
10376	0	0.09026548672566372	G	A	565	566	51	29	22	514	408	106
10379	0	0.03956043956043956	A	G	455	460	18	0	18	437	194	243
10436	0	1.0	G	T	1	1	1	0	1	0	0	0
10437	0	1.0	C	A	1	1	1	0	1	0	0	0
10440	0	1.0	C	G	1	1	1	0	1	0	0	0
10463	0	1.0	T	G	1	1	1	0	1	0	0	0
10480	0	1.0	A	G	1	1	1	0	1	0	0	0
10514	0	1.0	C	G	1	1	1	0	1	0	0	0
10516	0	1.0	T	A	1	1	1	0	1	0	0	0
10519	0	1.0	T	G	1	1	1	0	1	0	0	0
10591	0	1.0	G	A	1	1	1	0	1	0	0	0
10599	0	1.0	C	T	1	1	1	0	1	0	0	0
10601	0	1.0	T	A	1	1	1	0	1	0	0	0
