Pos	Qual	Freq	Ref	Base	UngappedCoverage	TotalCoverage	VariantCov	ForwardVariantCov	ReverseVariantCov	RefCov	ForwardRefCov	ReverseRefCov
54	0	0.04452054794520548	T	C	292	294	13	0	13	276	85	191
56	0	0.1895734597156398	G	A	422	429	80	79	1	341	6	335
116	0	0.10699588477366255	C	A	243	246	26	23	3	217	111	106
118	0	0.11764705882352941	C	A	85	85	10	8	2	72	51	21
119	0	0.04285714285714286	A	T	140	141	6	1	5	132	120	12
122	0	0.06382978723404255	A	G	376	376	24	0	24	352	177	175
129	0	0.06741573033707865	T	A	178	211	12	0	12	166	59	107
147	0	0.03861517976031957	G	A	751	751	29	29	0	722	131	591
169	0	0.4943181818181818	T	A	176	179	87	0	87	88	35	53
173	0	0.037091988130563795	C	T	674	676	25	0	25	649	585	64
189	0	0.1	G	T	170	177	17	0	17	152	118	34
194	0	0.11351351351351352	C	T	185	189	21	0	21	163	110	53
204	0	0.061855670103092786	C	T	388	390	24	0	24	364	232	132
206	0	0.03150912106135987	G	A	603	604	19	19	0	583	233	350
222	0	0.13163972286374134	C	T	433	434	57	1	56	372	357	15
248	0	0.05737704918032787	C	T	366	369	21	17	4	343	219	124
251	0	0.03984819734345351	G	A	527	529	21	20	1	503	113	390
333	0	0.04961832061068702	G	A	524	528	26	24	2	498	2	496
346	0	0.03496503496503497	C	T	572	572	20	3	17	552	127	425
359	0	0.05783582089552239	C	T	1072	1074	62	24	38	1009	563	446
423	0	0.06056935190793458	G	A	1651	1653	100	35	65	1549	711	838
467	0	0.09027777777777778	T	C	1296	1304	117	49	68	1177	636	541
475	0	0.058731401722787784	C	T	1277	1280	75	53	22	1200	762	438
488	0	0.05274725274725275	A	G	455	458	24	23	1	431	243	188
490	0	0.06779661016949153	G	A	177	181	12	12	0	164	107	57
491	0	0.043689320388349516	T	A	206	214	9	8	1	194	190	4
492	0	0.06451612903225806	G	T	155	160	10	10	0	144	89	55
496	0	0.23983739837398374	G	A	246	249	59	18	41	186	21	165
511	0	0.03875968992248062	A	G	258	258	10	10	0	248	113	135
558	0	0.10359116022099447	T	A	724	726	75	37	38	642	315	327
635	0	0.045454545454545456	T	C	264	278	12	1	11	250	55	195
652	0	0.041474654377880185	T	G	217	227	9	7	2	207	131	76
714	0	0.08292282430213464	T	C	1218	1229	101	1	100	1117	1003	114
719	0	0.08726178535606821	T	C	1994	1996	174	84	90	1820	1073	747
768	0	0.07142857142857142	T	C	238	262	17	13	4	221	192	29
779	0	0.046538024971623154	C	T	1762	1763	82	70	12	1679	789	890
803	0	0.059397884458909686	A	G	1229	1229	73	17	56	1156	687	469
833	0	0.030405405405405407	G	A	296	302	9	8	1	287	50	237
837	0	0.22157996146435452	T	C	519	524	115	83	32	401	168	233
854	0	0.05192878338278932	T	A	674	674	35	0	35	636	226	410
906	0	0.039568345323741004	C	T	278	288	11	4	7	265	239	26
917	0	0.06231454005934718	C	T	337	337	21	0	21	316	127	189
950	0	0.07644628099173553	G	A	968	969	74	37	37	894	238	656
990	0	0.09580838323353294	G	A	334	343	32	32	0	302	104	198
994	0	0.033426183844011144	T	C	359	362	12	1	11	347	115	232
1070	0	0.1493570722057369	C	T	1011	1013	151	80	71	860	521	339
1083	0	0.03225806451612903	C	A	341	344	11	0	11	323	141	182
1129	0	0.07407407407407407	G	A	486	487	36	35	1	450	86	364
1175	0	0.3093812375249501	A	G	501	536	155	127	28	346	61	285
1176	0	0.04852941176470588	G	A	680	681	33	33	0	647	179	468
1187	0	0.14682539682539683	T	G	252	344	37	33	4	212	198	14
1215	0	0.03184713375796178	G	A	471	471	15	15	0	456	65	391
1229	0	0.20125786163522014	G	A	159	179	32	32	0	127	101	26
1308	0	0.030434782608695653	G	A	230	239	7	1	6	223	96	127
1337	0	0.08500772797527048	A	T	1941	1950	165	56	109	1772	855	917
1343	0	0.077217125382263	C	T	1308	1314	101	47	54	1163	72	1091
1442	0	0.08935611038107753	C	T	761	762	68	43	25	692	459	233
1457	0	0.038539553752535496	T	C	493	496	19	1	18	472	243	229
1475	0	0.05673758865248227	A	G	705	706	40	5	35	664	332	332
1499	0	0.0914179104477612	G	A	536	547	49	13	36	484	128	356
1516	0	0.04430379746835443	T	C	158	158	7	0	7	151	127	24
1517	0	0.08421052631578947	G	T	95	98	8	0	8	87	66	21
1519	0	0.03187250996015936	G	A	251	251	8	7	1	243	75	168
1522	0	0.1888111888111888	G	T	143	147	27	8	19	116	15	101
1586	0	0.165	C	T	200	239	33	1	32	166	122	44
1655	0	0.14558823529411766	C	T	1360	1362	198	122	76	1159	655	504
1664	0	0.09431524547803617	A	G	774	778	73	73	0	696	105	591
1665	0	0.06773283160865474	G	A	1063	1067	72	72	0	989	174	815
1736	0	0.09803921568627451	A	G	1020	1020	100	42	58	920	440	480
1768	0	0.03854389721627409	C	A	467	467	18	0	18	449	143	306
1840	0	0.11290322580645161	A	G	186	187	21	21	0	165	17	148
1904	0	0.15112540192926044	T	C	1244	1249	188	100	88	1056	757	299
1922	0	0.0637915543575921	C	T	1113	1117	71	43	28	1039	289	750
1947	0	0.06267029972752043	G	A	367	536	23	22	1	343	123	220
1965	0	0.20606060606060606	T	G	1320	1327	272	28	244	1043	507	536
2030	0	0.05555555555555555	T	C	522	528	29	0	29	493	439	54
2066	0	0.225531914893617	C	T	235	235	53	20	33	182	100	82
2091	0	0.03869047619047619	T	C	672	675	26	0	26	646	549	97
2093	0	0.03812316715542522	T	C	682	694	26	5	21	655	391	264
2111	0	0.09395109395109395	T	G	777	784	73	61	12	703	301	402
2156	0	0.04940119760479042	G	A	668	696	33	13	20	635	1	634
2198	0	0.03345454545454545	T	G	1375	1378	46	45	1	1329	333	996
2200	0	0.11183597390493942	G	A	1073	1093	120	72	48	952	457	495
2282	0	0.06804123711340206	A	G	485	523	33	21	12	452	61	391
2285	0	0.05137614678899083	C	T	545	548	28	9	19	517	219	298
2286	0	0.03836930455635491	G	T	417	421	16	16	0	400	292	108
2295	0	0.03042328042328042	T	C	756	773	23	0	23	731	486	245
2298	0	0.06717226435536294	T	C	923	923	62	46	16	861	488	373
2305	0	0.03294117647058824	A	G	425	430	14	14	0	411	147	264
2331	0	0.08178438661710037	G	A	269	269	22	22	0	247	136	111
2369	0	0.03829787234042553	A	T	235	237	9	9	0	218	44	174
2370	0	0.04326923076923077	C	A	208	214	9	9	0	197	58	139
2394	0	0.10399032648125756	A	G	827	836	86	42	44	741	354	387
2411	0	0.08121827411167512	C	T	985	985	80	46	34	903	462	441
2433	0	0.0779816513761468	C	T	218	246	17	2	15	201	151	50
2450	0	0.30303030303030304	A	T	66	68	20	0	20	45	44	1
2478	0	0.05638766519823789	G	A	1135	1141	64	63	1	1067	131	936
2504	0	0.05618892508143322	G	A	1228	1229	69	69	0	1158	249	909
2525	0	0.11319612590799032	G	A	1652	1663	187	17	170	1464	142	1322
2535	0	0.035	G	A	1400	1402	49	45	4	1350	254	1096
2541	0	0.06905370843989769	G	A	391	405	27	27	0	363	198	165
2570	0	0.032025259359494816	C	T	2217	2219	71	60	11	2146	1583	563
2599	0	0.03418803418803419	A	G	585	591	20	19	1	564	474	90
2606	0	0.13138686131386862	C	T	274	283	36	36	0	233	150	83
2607	0	0.08780487804878048	C	T	205	216	18	16	2	182	160	22
2630	0	0.03015075376884422	G	A	199	209	6	5	1	192	123	69
2648	0	0.17548746518105848	T	G	718	732	126	89	37	589	476	113
2654	0	0.09041591320072333	C	T	553	559	50	50	0	500	493	7
2655	0	0.059880239520958084	G	A	334	338	20	20	0	314	232	82
2773	0	0.061285500747384154	A	C	669	672	41	23	18	628	362	266
2781	0	0.1476826394344069	T	G	1273	1358	188	58	130	1051	902	149
2797	0	0.041666666666666664	G	C	1008	1023	42	21	21	943	8	935
2811	0	0.03608605135322693	G	C	1441	1447	52	1	51	1388	1060	328
2812	0	0.04430863254392666	T	A	1309	1383	58	0	58	1248	1043	205
2828	0	0.18522483940042828	C	T	934	936	173	88	85	760	131	629
2842	0	0.2771929824561403	G	T	285	296	79	0	79	205	177	28
2846	0	0.03684210526315789	G	A	380	383	14	3	11	365	6	359
2864	0	0.14340344168260039	A	G	1569	1594	225	102	123	1343	376	967
2884	0	0.03988035892323031	G	A	1003	1003	40	36	4	962	232	730
2922	0	0.09850746268656717	C	T	335	336	33	7	26	301	235	66
2923	0	0.11581291759465479	T	C	449	471	52	20	32	397	349	48
3022	0	0.03982300884955752	A	G	226	239	9	9	0	216	33	183
3038	0	0.1019163763066202	T	C	1148	1148	117	82	35	1030	574	456
3050	0	0.09196515004840271	T	C	1033	1035	95	71	24	938	504	434
3052	0	0.055645161290322584	T	C	1240	1240	69	50	19	1168	683	485
3058	0	0.04904632152588556	G	A	1101	1102	54	12	42	1047	199	848
3071	0	0.0742001361470388	A	G	1469	1472	109	78	31	1357	732	625
3110	0	0.07984581497797356	T	C	1816	1817	145	72	73	1668	594	1074
3123	0	0.043409629044988164	C	T	1267	1271	55	0	55	1208	871	337
3137	0	0.044707680550248374	T	C	2617	2619	117	72	45	2497	1090	1407
3148	0	0.20435643564356434	T	C	2525	2526	516	190	326	2002	901	1101
3203	0	0.09133489461358314	G	A	427	437	39	28	11	388	0	388
3232	0	0.05	C	T	360	365	18	0	18	341	320	21
3254	0	0.06693711967545639	T	C	493	493	33	22	11	460	333	127
3282	0	0.037199124726477024	A	G	914	914	34	17	17	879	243	636
3285	0	0.03296703296703297	G	A	182	184	6	0	6	176	32	144
3296	0	0.05271317829457364	C	T	645	647	34	25	9	598	261	337
3338	0	0.0347682119205298	T	C	604	608	21	0	21	580	481	99
3371	0	0.03201024327784891	A	G	781	820	25	20	5	756	64	692
3395	0	0.03888888888888889	T	C	900	905	35	2	33	864	512	352
3427	0	0.2344	G	A	1250	1250	293	292	1	955	76	879
3429	0	0.030100334448160536	A	G	299	306	9	9	0	286	117	169
3432	0	0.05121293800539083	G	A	371	373	19	18	1	352	25	327
3435	0	0.0784313725490196	T	G	255	386	20	0	20	232	189	43
3451	0	0.04610655737704918	T	C	976	982	45	0	45	928	509	419
3473	0	0.1267080745341615	C	T	1610	1614	204	114	90	1400	981	419
3518	0	0.08178438661710037	C	T	269	270	22	1	21	245	78	167
3566	0	0.07523066004258339	C	T	1409	1409	106	65	41	1301	683	618
3579	0	0.3224489795918367	G	T	245	260	79	1	78	162	148	14
3585	0	0.07142857142857142	C	T	154	161	11	0	11	141	129	12
3593	0	0.08701957940536621	C	T	1379	1380	120	85	35	1257	543	714
3605	0	0.09026798307475317	G	A	709	709	64	25	39	642	442	200
3617	0	0.07246376811594203	G	A	1035	1042	75	31	44	959	433	526
3649	0	0.046511627906976744	G	A	129	129	6	5	1	121	67	54
3675	0	0.03236797274275979	A	G	587	593	19	1	18	568	376	192
3713	0	0.034782608695652174	G	A	230	233	8	8	0	216	118	98
3714	0	0.07450980392156863	C	T	255	262	19	0	19	234	206	28
3718	0	0.044642857142857144	C	G	672	684	30	1	29	623	532	91
3767	0	0.10335917312661498	A	T	387	393	40	16	24	335	159	176
3798	0	0.03977272727272727	G	A	352	359	14	14	0	336	105	231
3827	0	0.08745247148288973	C	T	1052	1074	92	27	65	960	664	296
3836	0	0.08734939759036145	T	C	664	671	58	1	57	603	505	98
3850	0	0.06345177664974619	G	T	394	394	25	25	0	364	53	311
3886	0	0.04482758620689655	T	G	290	292	13	0	13	271	98	173
3887	0	0.05185185185185185	G	C	405	408	21	21	0	383	45	338
3908	0	0.033766233766233764	G	T	385	393	13	0	13	371	300	71
3928	0	0.03804994054696789	T	C	841	850	32	9	23	809	600	209
3943	0	0.04435483870967742	C	T	248	250	11	0	11	235	176	59
3986	0	0.07396449704142012	T	C	1014	1032	75	0	75	938	506	432
3989	0	0.08865860679332183	T	C	1737	1739	154	73	81	1583	636	947
4042	0	0.03506787330316742	T	C	884	895	31	0	31	849	570	279
4044	0	0.047337278106508875	C	T	507	545	24	1	23	478	264	214
4076	0	0.051470588235294115	C	G	408	421	21	0	21	382	370	12
4077	0	0.031496062992125984	G	C	127	260	4	4	0	122	51	71
4082	0	0.10622710622710622	G	T	273	274	29	26	3	244	58	186
4085	0	0.13144329896907217	T	C	1164	1165	153	101	52	1011	494	517
4094	0	0.5838150289017341	C	T	173	179	101	81	20	72	71	1
4105	0	0.05927342256214149	G	A	523	523	31	4	27	492	141	351
4106	0	0.14	A	G	550	550	77	8	69	473	95	378
4113	0	0.05546218487394958	A	G	595	595	33	31	2	562	220	342
4153	0	0.03035143769968051	T	C	626	632	19	3	16	607	359	248
4214	0	0.04	T	G	25	52	1	0	1	24	14	10
4234	0	0.10606060606060606	C	T	66	75	7	1	6	56	9	47
4235	0	0.06493506493506493	T	C	77	133	5	0	5	65	0	65
4238	0	0.23221757322175732	C	T	478	485	111	47	64	364	60	304
4242	0	0.06741573033707865	G	A	267	269	18	18	0	249	2	247
4259	0	0.032855436081242535	C	T	1674	1676	55	2	53	1617	1112	505
4295	0	0.11861137897782063	A	G	2074	2091	246	175	71	1828	424	1404
4408	0	0.07259528130671507	A	G	551	557	40	3	37	511	275	236
4444	0	0.06992084432717678	T	C	758	758	53	0	53	705	563	142
4454	0	0.08010012515644556	G	A	799	799	64	33	31	735	294	441
4493	0	0.07858861267040898	C	T	1247	1248	98	56	42	1146	561	585
4501	0	0.03571428571428571	C	A	308	308	11	4	7	295	120	175
4502	0	0.06666666666666667	C	T	225	226	15	9	6	207	63	144
4523	0	0.1891891891891892	G	A	370	373	70	43	27	298	131	167
4536	0	0.04357459379615953	A	G	1354	1361	59	23	36	1295	525	770
4592	0	0.05467445742904841	A	G	2396	2396	131	80	51	2265	1118	1147
4595	0	0.06480558325024925	C	T	2006	2031	130	89	41	1875	1193	682
4657	0	0.04899135446685879	A	G	347	372	17	0	17	329	87	242
4658	0	0.11864406779661017	G	A	236	274	28	7	21	208	42	166
4706	0	0.03669724770642202	A	G	436	440	16	16	0	420	215	205
4725	0	0.031055900621118012	G	T	161	162	5	5	0	154	16	138
4726	0	0.08333333333333333	T	G	48	68	4	1	3	44	31	13
4733	0	0.08270676691729323	T	C	798	799	66	33	33	731	494	237
4751	0	0.0836940836940837	T	C	693	695	58	36	22	635	440	195
4757	0	0.06324110671936758	T	C	506	513	32	0	32	472	358	114
4775	0	0.07	A	G	200	204	14	0	14	186	25	161
4776	0	0.060240963855421686	G	C	332	336	20	0	20	310	103	207
4867	0	0.10545454545454545	T	C	275	302	29	1	28	246	226	20
4883	0	0.04592720970537262	T	C	2308	2311	106	87	19	2198	1674	524
4919	0	0.15822784810126583	C	G	316	337	50	11	39	264	70	194
4925	0	0.04716981132075472	G	A	424	434	20	18	2	404	0	404
4985	0	0.04076086956521739	A	G	368	470	15	13	2	353	23	330
4988	0	0.12534818941504178	G	A	718	718	90	41	49	627	151	476
5000	0	0.09236111111111112	T	C	1440	1440	133	56	77	1305	613	692
5032	0	0.07317073170731707	T	C	246	271	18	0	18	226	69	157
5036	0	0.09876543209876543	C	T	891	891	88	43	45	799	581	218
5060	0	0.060324825986078884	T	C	1293	1299	78	54	24	1215	712	503
5066	0	0.13119143239625167	C	T	747	748	98	33	65	649	371	278
5087	0	0.07692307692307693	C	T	481	484	37	22	15	405	313	92
5088	0	0.12866817155756208	G	A	443	447	57	57	0	370	115	255
5096	0	0.08886894075403949	T	C	1114	1114	99	46	53	1008	732	276
5156	0	0.10031347962382445	C	T	957	957	96	52	44	861	516	345
5189	0	0.03955223880597015	A	G	1340	1346	53	50	3	1285	354	931
5211	0	0.0585325638911789	A	G	1213	1222	71	1	70	1142	626	516
5256	0	0.034334763948497854	A	C	1631	1631	56	55	1	1572	622	950
5257	0	0.036009933774834434	C	A	2416	2432	87	85	2	2327	1266	1061
5267	0	0.10906785034876347	T	C	1577	1586	172	33	139	1403	1046	357
5269	0	0.03941782898726501	C	T	1649	1670	65	1	64	1573	1317	256
5315	0	0.16195856873822975	G	A	1062	1062	172	18	154	890	112	778
5324	0	0.04092526690391459	A	G	562	595	23	18	5	539	10	529
5369	0	0.6262135922330098	C	T	1030	1034	645	311	334	382	310	72
5375	0	0.28837209302325584	A	G	2150	2155	620	320	300	1528	741	787
5387	0	0.3003823047515019	C	T	1831	1837	550	317	233	1281	735	546
5448	0	0.03195635229929852	T	C	1283	1287	41	1	40	1242	675	567
5502	0	0.03721298495645289	G	A	1263	1272	47	46	1	1213	342	871
5545	0	0.038917089678511	C	T	1182	1186	46	1	45	1130	814	316
5561	0	0.06261859582542695	C	T	2635	2637	165	93	72	2470	1267	1203
5591	0	0.17558886509635974	T	C	934	944	164	134	30	770	587	183
5633	0	0.03089143865842895	C	T	1133	1134	35	0	35	1098	672	426
5680	0	0.21195652173913043	C	T	1104	1166	234	128	106	870	784	86
5682	0	0.030685920577617327	G	T	1108	1113	34	1	33	1072	870	202
5717	0	0.14009661835748793	C	T	1242	1242	174	49	125	1066	388	678
5752	0	0.03758654797230465	G	A	1011	1011	38	16	22	973	489	484
5817	0	0.04398148148148148	G	A	864	878	38	34	4	826	16	810
5828	0	0.1116820829051045	T	C	2919	2920	326	270	56	2590	1401	1189
5871	0	0.03954802259887006	G	A	708	716	28	28	0	679	103	576
5906	0	0.035211267605633804	G	A	284	324	10	10	0	271	74	197
6002	0	0.17321016166281755	T	C	433	452	75	15	60	357	140	217
6053	0	0.03056768558951965	T	C	458	474	14	0	14	441	237	204
6056	0	0.1303344867358708	C	T	867	871	113	47	66	752	345	407
6075	0	0.042842215256008356	C	T	957	990	41	0	41	908	348	560
6092	0	0.08054342552159147	C	T	2061	2087	166	152	14	1895	1555	340
6101	0	0.11077844311377245	T	C	2338	2340	259	146	113	2077	1241	836
6111	0	0.03633060853769301	C	A	1101	1138	40	38	2	1061	178	883
6162	0	0.08955223880597014	G	A	1742	1744	156	156	0	1582	105	1477
6164	0	0.0476878612716763	C	T	2768	2773	132	42	90	2634	1320	1314
6210	0	0.03017241379310345	G	T	232	237	7	6	1	223	135	88
6251	0	0.034074074074074076	C	T	675	675	23	2	21	652	529	123
6363	0	0.10880829015544041	C	T	965	967	105	46	59	859	361	498
6371	0	0.030660377358490566	G	A	424	441	13	7	6	411	1	410
6443	0	0.20270270270270271	G	A	370	373	75	17	58	292	131	161
6459	0	0.045454545454545456	A	G	110	111	5	1	4	105	41	64
6479	0	0.03508771929824561	A	G	57	64	2	2	0	55	1	54
6480	0	0.03076923076923077	G	T	65	65	2	2	0	63	7	56
6506	0	0.05747126436781609	A	G	87	89	5	4	1	82	51	31
6547	0	0.08974358974358974	T	C	78	83	7	0	7	71	69	2
6643	0	0.03773584905660377	T	A	212	213	8	1	7	204	133	71
6660	0	0.03571428571428571	C	T	112	114	4	2	2	108	101	7
6671	0	0.03125	C	T	128	131	4	3	1	124	124	0
6729	0	0.03355704697986577	G	A	298	300	10	9	1	279	164	115
6746	0	0.07256235827664399	C	T	882	892	64	33	31	817	617	200
6804	0	0.03090507726269316	C	T	453	454	14	1	13	438	179	259
6839	0	0.04	G	A	125	130	5	4	1	117	7	110
6840	0	0.03211009174311927	C	A	218	232	7	4	3	210	171	39
6890	0	0.1168141592920354	A	G	565	590	66	36	30	499	161	338
6944	0	0.1450381679389313	G	A	393	400	57	56	1	335	0	335
6952	0	0.031073446327683617	T	C	354	360	11	1	10	336	282	54
6979	0	0.03205128205128205	A	G	156	160	5	1	4	151	1	150
6985	0	0.0829576194770063	C	A	1109	1112	92	1	91	1017	712	305
6989	0	0.05128205128205128	C	T	2106	2107	108	59	49	1998	1089	909
6993	0	0.03955841766329347	G	A	1087	1101	43	42	1	1041	610	431
7037	0	0.05445151033386327	C	T	2516	2516	137	94	43	2379	1344	1035
7049	0	0.08780108780108781	C	T	1287	1291	113	83	30	1173	741	432
7050	0	0.0764832022873481	T	C	1399	1403	107	81	26	1290	697	593
7085	0	0.03441682600382409	A	G	523	532	18	18	0	505	129	376
7094	0	0.1152542372881356	C	T	590	592	68	48	20	522	484	38
7108	0	0.45901639344262296	A	T	244	245	112	112	0	129	63	66
7110	0	0.03597122302158273	T	C	278	321	10	1	9	266	256	10
7113	0	0.04844961240310078	T	C	516	528	25	19	6	489	260	229
7148	0	0.0998766954377312	T	C	811	811	81	39	42	729	371	358
7151	0	0.1443089430894309	C	T	492	494	71	31	40	421	169	252
7155	0	0.05194805194805195	G	A	616	617	32	30	2	582	46	536
7156	0	0.07459207459207459	G	A	429	432	32	32	0	395	60	335
7168	0	0.03629536921151439	C	T	799	814	29	0	29	770	666	104
7175	0	0.07942708333333333	C	T	768	769	61	30	31	707	350	357
7204	0	0.04498269896193772	T	C	289	289	13	3	10	276	139	137
7214	0	0.039473684210526314	C	T	532	532	21	2	19	511	366	145
7240	0	0.07462686567164178	T	C	134	152	10	0	10	124	49	75
7281	0	0.0330188679245283	T	C	424	455	14	12	2	409	116	293
7379	0	0.06763285024154589	T	C	1035	1060	70	1	69	964	669	295
7407	0	0.1259259259259259	C	A	135	142	17	17	0	114	22	92
7415	0	0.04854368932038835	G	A	412	424	20	9	11	392	19	373
7447	0	0.0931899641577061	T	A	279	281	26	0	26	251	182	69
7451	0	0.09185441941074524	C	T	577	581	53	35	18	523	382	141
7455	0	0.039589442815249266	T	C	682	696	27	0	27	655	537	118
7488	0	0.23880597014925373	T	G	67	68	16	14	2	51	45	6
7493	0	0.09561752988047809	G	T	251	253	24	7	17	227	124	103
7505	0	0.10828877005347594	T	C	748	766	81	35	46	667	511	156
7517	0	0.08405797101449275	C	T	690	693	58	39	19	632	282	350
7538	0	0.04940119760479042	A	G	668	670	33	17	16	635	199	436
7568	0	0.09523809523809523	T	C	588	614	56	30	26	532	318	214
7577	0	0.08756404285048905	T	C	2147	2161	188	146	42	1956	1325	631
7596	0	0.27876106194690264	A	T	226	252	63	55	8	153	150	3
7597	0	0.035794183445190156	G	A	447	460	16	16	0	429	366	63
7604	0	0.06632213608957795	T	C	1161	1161	77	30	47	1082	705	377
7607	0	0.08333333333333333	C	T	264	272	22	1	21	242	201	41
7617	0	0.05511811023622047	G	A	127	137	7	7	0	119	89	30
7652	0	0.06191588785046729	C	T	856	860	53	0	53	797	448	349
7673	0	0.04361873990306947	T	G	619	648	27	10	17	590	449	141
7713	0	0.1394658753709199	T	C	674	678	94	49	45	578	232	346
7732	0	0.06074766355140187	T	C	214	220	13	1	12	200	182	18
7826	0	0.05921052631578947	T	C	760	764	45	17	28	714	480	234
7869	0	0.032663316582914576	C	A	398	403	13	1	12	380	347	33
7870	0	0.13708260105448156	G	A	569	569	78	78	0	489	124	365
7887	0	0.12219451371571072	T	C	401	428	49	0	49	351	128	223
7916	0	0.19830028328611898	C	T	1412	1417	280	175	105	1125	737	388
7937	0	0.09507523939808482	C	T	1462	1472	139	85	54	1323	732	591
7939	0	0.09001040582726327	T	C	1922	1928	173	85	88	1748	826	922
7962	0	0.039540816326530615	G	A	784	831	31	31	0	752	3	749
8007	0	0.08935611038107753	G	A	761	762	68	27	41	693	352	341
8022	0	0.03377110694183865	T	C	533	535	18	0	18	514	419	95
8048	0	0.08733624454148471	G	A	229	233	20	19	1	209	3	206
8050	0	0.045	G	T	200	200	9	9	0	190	19	171
8060	0	0.03993055555555555	C	T	1152	1155	46	29	17	1106	685	421
8075	0	0.033816425120772944	G	A	621	622	21	21	0	597	127	470
8097	0	0.03233256351039261	C	T	433	434	14	1	13	418	264	154
8105	0	0.06314797360980208	C	T	1061	1062	67	38	29	994	576	418
8108	0	0.05150976909413854	A	G	563	569	29	28	1	531	169	362
8124	0	0.03117206982543641	A	G	802	814	25	25	0	777	288	489
8139	0	0.032397408207343416	G	A	463	470	15	13	2	447	5	442
8185	0	0.07581227436823104	A	G	277	279	21	0	21	253	158	95
8387	0	0.22183098591549297	C	T	284	315	63	51	12	221	203	18
8390	0	0.05921052631578947	G	T	456	457	27	0	27	427	346	81
8396	0	0.1069078947368421	C	T	608	610	65	0	65	543	454	89
8408	0	0.19345238095238096	T	C	336	337	65	11	54	271	152	119
8429	0	0.10834371108343711	G	A	803	805	87	19	68	715	276	439
8461	0	0.03911806543385491	C	T	1406	1407	55	0	55	1349	1304	45
8471	0	0.03180212014134275	C	T	566	574	18	0	18	547	416	131
8483	0	0.05	T	C	440	531	22	1	21	418	340	78
8571	0	0.03969465648854962	A	G	655	698	26	22	4	629	314	315
8597	0	0.08353221957040573	T	C	419	426	35	11	24	381	300	81
8610	0	0.04672897196261682	C	A	214	230	10	5	5	202	122	80
8637	0	0.07488986784140969	G	A	227	228	17	17	0	210	69	141
8694	0	0.0384	G	A	625	630	24	21	3	593	166	427
8728	0	0.06374501992031872	G	A	502	505	32	32	0	470	2	468
8740	0	0.042105263157894736	A	G	475	476	20	14	6	455	259	196
8745	0	0.035897435897435895	G	T	195	195	7	7	0	188	93	95
8755	0	0.0547945205479452	G	A	292	299	16	13	3	276	226	50
8757	0	0.03468208092485549	G	T	692	692	24	24	0	667	306	361
8769	0	0.05592841163310962	C	A	447	447	25	23	2	421	44	377
8820	0	0.045133991537376586	G	A	709	719	32	30	2	677	1	676
8823	0	0.1311647429171039	C	T	953	956	125	49	76	824	457	367
8825	0	0.04452690166975881	A	G	539	545	24	23	1	507	199	308
8826	0	0.046762589928057555	G	A	834	837	39	32	7	792	117	675
8839	0	0.031108230719377836	G	A	1543	1549	48	47	1	1492	443	1049
8852	0	0.091283459162663	C	T	1457	1458	133	90	43	1320	760	560
8888	0	0.057766367137355584	T	C	779	780	45	4	41	734	395	339
8922	0	0.057279236276849645	G	A	419	422	24	17	7	395	2	393
8980	0	0.03430079155672823	A	G	379	385	13	7	6	366	184	182
9038	0	0.06418219461697723	A	G	483	486	31	9	22	452	272	180
9043	0	0.03763440860215054	G	A	558	562	21	15	6	537	1	536
9098	0	0.057809894385769875	T	C	1799	1799	104	43	61	1695	926	769
9107	0	0.05808080808080808	A	G	396	414	23	23	0	371	361	10
9114	0	0.1297016861219196	A	G	771	789	100	97	3	671	298	373
9115	0	0.0410958904109589	G	A	657	661	27	27	0	628	282	346
9143	0	0.03460207612456748	C	T	867	910	30	2	28	835	810	25
9176	0	0.06354916067146282	C	T	1668	1676	106	40	66	1558	700	858
9200	0	0.030821917808219176	G	A	876	876	27	25	2	849	594	255
9225	0	0.08823529411764706	C	T	816	816	72	50	22	744	235	509
9242	0	0.06770098730606489	T	C	709	714	48	24	24	658	470	188
9272	0	0.06705539358600583	C	T	1029	1031	69	36	33	960	487	473
9277	0	0.04556962025316456	C	T	790	791	36	0	36	754	674	80
9296	0	0.10161090458488228	T	C	807	807	82	42	40	724	183	541
9380	0	0.06571428571428571	G	A	350	356	23	22	1	326	170	156
9414	0	0.03407755581668625	A	G	851	875	29	14	15	822	209	613
9424	0	0.0436397400185701	A	G	2154	2155	94	1	93	2059	1367	692
9429	0	0.0728051391862955	G	A	467	473	34	4	30	433	64	369
9431	0	0.06564551422319474	G	A	914	917	60	17	43	854	99	755
9455	0	0.04955527318932656	G	A	1574	1578	78	26	52	1496	339	1157
9469	0	0.05228758169934641	G	A	306	310	16	2	14	290	206	84
9529	0	0.030263157894736843	T	C	760	770	23	0	23	737	525	212
9634	0	0.0334855403348554	G	A	657	659	22	21	1	634	104	530
9677	0	0.19397590361445782	G	A	830	837	161	78	83	666	32	634
9713	0	0.0425531914893617	C	T	1034	1098	44	17	27	990	857	133
9728	0	0.03279883381924198	A	G	1372	1374	45	3	42	1327	586	741
9758	0	0.0350609756097561	A	G	656	657	23	1	22	628	156	472
9800	0	0.050816696914700546	C	T	551	552	28	4	24	523	465	58
9818	0	0.14601769911504425	G	A	226	263	33	32	1	193	22	171
9834	0	0.04721030042918455	G	A	233	235	11	11	0	219	143	76
9884	0	0.08110687022900763	G	A	1048	1048	85	13	72	963	451	512
9887	0	0.05536626916524702	C	T	1174	1174	65	36	29	1109	514	595
9896	0	0.13972055888223553	T	A	501	504	70	34	36	431	209	222
9899	0	0.14883720930232558	A	G	215	232	32	28	4	181	77	104
9905	0	0.04392764857881137	G	A	387	391	17	17	0	367	207	160
9928	0	0.06	C	T	250	261	15	0	15	231	113	118
9934	0	0.05630026809651475	T	C	373	386	21	0	21	350	101	249
9994	0	0.04045801526717557	T	C	1310	1327	53	1	52	1255	787	468
10185	0	0.08045977011494253	T	C	174	222	14	1	13	159	10	149
10193	0	0.053169734151329244	A	G	489	492	26	4	22	463	242	221
10198	0	0.14009661835748793	G	A	207	208	29	2	27	178	22	156
10217	0	0.07116104868913857	A	G	801	804	57	34	23	742	437	305
10226	0	0.03468208092485549	A	G	173	174	6	6	0	167	122	45
10281	0	0.09615384615384616	G	A	1144	1146	110	56	54	1032	554	478
10286	0	0.10159362549800798	C	T	502	505	51	43	8	448	228	220
10314	0	0.0537280701754386	A	G	912	916	49	37	12	863	425	438
10319	0	0.08356940509915015	C	T	706	711	59	5	54	645	575	70
10324	0	0.05631067961165048	T	C	515	562	29	2	27	484	364	120
10349	0	0.1425925925925926	T	C	540	545	77	49	28	462	216	246
10360	0	0.047244094488188976	C	T	381	381	18	1	17	362	172	190
10361	0	0.18577981651376146	T	C	436	463	81	37	44	353	204	149
10376	0	0.08586762075134168	G	A	559	563	48	31	17	511	423	88
10379	0	0.050997782705099776	A	G	451	453	23	0	23	428	213	215
