Pos	Qual	Freq	Ref	Base	UngappedCoverage	TotalCoverage	VariantCov	ForwardVariantCov	ReverseVariantCov	RefCov	ForwardRefCov	ReverseRefCov
54	0	0.0375	T	C	240	241	9	1	8	228	89	139
56	0	0.03323262839879154	G	A	331	340	11	11	0	320	74	246
116	0	0.11877394636015326	C	A	261	264	31	22	9	230	135	95
118	0	0.11702127659574468	C	A	94	94	11	10	1	76	58	18
119	0	0.04285714285714286	A	T	140	142	6	1	5	132	120	12
122	0	0.04132231404958678	A	G	363	363	15	0	15	348	186	162
129	0	0.09022556390977443	T	A	133	154	12	3	9	121	52	69
147	0	0.03620689655172414	G	A	580	580	21	21	0	559	143	416
169	0	0.4523809523809524	T	A	126	126	57	2	55	67	32	35
172	0	0.031135531135531136	C	T	546	548	17	0	17	528	475	53
173	0	0.039619651347068144	C	T	631	633	25	0	25	605	552	53
186	0	0.03333333333333333	T	C	180	180	6	2	4	174	80	94
189	0	0.06097560975609756	G	T	164	169	10	0	10	153	126	27
194	0	0.1337579617834395	C	T	157	160	21	0	21	135	88	47
204	0	0.037037037037037035	C	T	324	324	12	0	12	310	212	98
206	0	0.0437375745526839	G	A	503	503	22	22	0	480	221	259
222	0	0.08620689655172414	C	T	406	406	35	0	35	371	367	4
248	0	0.05507246376811594	C	T	345	346	19	18	1	326	226	100
251	0	0.037296037296037296	G	A	429	431	16	14	2	411	127	284
333	0	0.0681265206812652	G	A	411	415	28	28	0	383	1	382
346	0	0.03271028037383177	C	T	428	429	14	7	7	413	105	308
359	0	0.04042553191489362	C	T	940	940	38	16	22	902	544	358
423	0	0.06113256113256113	G	A	1554	1555	95	49	46	1457	706	751
432	0	0.03432700993676603	A	G	1107	1110	38	33	5	1068	464	604
467	0	0.09551495016611296	T	C	1204	1207	115	50	65	1089	586	503
475	0	0.06997558991049634	C	T	1229	1234	86	68	18	1142	743	399
490	0	0.08791208791208792	G	A	182	184	16	14	2	165	106	59
492	0	0.06091370558375635	G	T	197	203	12	12	0	184	127	57
495	0	0.034482758620689655	A	G	203	209	7	6	1	196	33	163
496	0	0.1881918819188192	G	A	271	273	51	23	28	219	48	171
511	0	0.03536977491961415	A	G	311	313	11	11	0	300	145	155
558	0	0.07891156462585033	T	A	735	737	58	33	25	672	351	321
635	0	0.03934426229508197	T	C	305	313	12	0	12	292	80	212
653	0	0.048556430446194225	G	A	762	769	37	19	18	725	430	295
714	0	0.06808510638297872	T	C	1175	1189	80	0	80	1095	980	115
719	0	0.08811881188118811	T	C	2020	2020	178	86	92	1841	1058	783
768	0	0.04938271604938271	T	C	243	264	12	9	3	231	190	41
779	0	0.04756871035940803	C	T	1892	1892	90	73	17	1801	839	962
798	0	0.031496062992125984	T	C	1143	1143	36	17	19	1107	547	560
803	0	0.04887820512820513	A	G	1248	1248	61	17	44	1187	667	520
833	0	0.040880503144654086	G	A	318	322	13	13	0	303	49	254
837	0	0.20267686424474188	T	C	523	534	106	67	39	415	173	242
854	0	0.051470588235294115	T	A	680	680	35	0	35	644	229	415
917	0	0.04216867469879518	C	T	332	333	14	0	14	318	85	233
950	0	0.050454086781029264	G	A	991	993	50	22	28	941	291	650
990	0	0.09340659340659341	G	A	364	367	34	34	0	330	132	198
1070	0	0.0855457227138643	C	T	1017	1019	87	49	38	930	516	414
1083	0	0.036939313984168866	C	A	379	382	14	0	14	359	134	225
1175	0	0.2260536398467433	A	G	522	554	118	104	14	404	64	340
1176	0	0.05224963715529753	G	A	689	695	36	35	1	652	169	483
1187	0	0.08235294117647059	T	G	255	347	21	15	6	234	203	31
1229	0	0.2746478873239437	G	A	142	158	39	39	0	102	80	22
1308	0	0.034482758620689655	G	A	261	267	9	3	6	251	125	126
1337	0	0.05581835383159887	A	T	2114	2123	118	45	73	1996	1006	990
1343	0	0.05350686912509038	C	T	1383	1389	74	46	28	1272	88	1184
1403	0	0.040336134453781515	A	G	595	603	24	23	1	570	249	321
1442	0	0.08450704225352113	C	T	852	852	72	37	35	779	520	259
1457	0	0.04771371769383698	T	C	503	509	24	0	24	478	261	217
1475	0	0.04781997187060478	A	G	711	715	34	9	25	677	311	366
1499	0	0.08671586715867159	G	A	542	546	47	16	31	492	120	372
1516	0	0.03164556962025317	T	C	158	159	5	2	3	149	127	22
1517	0	0.043478260869565216	G	T	115	118	5	1	4	109	78	31
1522	0	0.2129032258064516	G	T	155	159	33	12	21	122	16	106
1586	0	0.1744186046511628	C	T	172	202	30	1	29	141	96	45
1619	0	0.031578947368421054	C	T	380	384	12	3	9	364	140	224
1622	0	0.03825136612021858	G	A	366	375	14	11	3	349	27	322
1655	0	0.1205607476635514	C	T	1070	1071	129	79	50	939	498	441
1664	0	0.07042253521126761	A	G	781	785	55	55	0	724	103	621
1665	0	0.035634743875278395	G	A	898	901	32	32	0	865	161	704
1736	0	0.07407407407407407	A	G	513	513	38	15	23	475	216	259
1751	0	0.05555555555555555	A	G	36	36	2	2	0	34	32	2
1752	0	0.05714285714285714	G	A	35	37	2	2	0	33	21	12
1840	0	0.07272727272727272	A	G	110	110	8	8	0	102	11	91
1841	0	0.04	C	T	75	80	3	2	1	70	27	43
1891	0	0.03125	A	G	64	65	2	2	0	61	51	10
1892	0	0.0392156862745098	C	A	102	102	4	0	4	97	93	4
1893	0	0.042105263157894736	T	C	95	101	4	0	4	90	90	0
1904	0	0.08835341365461848	T	C	996	1006	88	43	45	906	633	273
1922	0	0.03042198233562316	C	T	1019	1023	31	19	12	983	304	679
1965	0	0.15341440598690365	T	G	1069	1072	164	23	141	902	417	485
1993	0	0.03686635944700461	G	A	217	217	8	8	0	208	36	172
2030	0	0.06321839080459771	T	C	522	527	33	0	33	489	448	41
2066	0	0.23255813953488372	C	T	215	216	50	14	36	164	96	68
2091	0	0.06762589928057554	T	C	695	698	47	0	47	648	549	99
2093	0	0.03994490358126722	T	C	726	738	29	4	25	694	426	268
2111	0	0.06701708278580815	T	G	761	772	51	42	9	709	326	383
2156	0	0.049206349206349205	G	A	630	665	31	12	19	599	4	595
2200	0	0.09925788497217068	G	A	1078	1092	107	56	51	971	454	517
2282	0	0.09683794466403162	A	G	506	543	49	29	20	457	54	403
2285	0	0.07705779334500876	C	T	571	571	44	14	30	526	204	322
2286	0	0.03482587064676617	G	T	402	403	14	14	0	385	274	111
2298	0	0.07510288065843622	T	C	972	973	73	50	23	897	515	382
2305	0	0.03260869565217391	A	G	460	466	15	15	0	445	165	280
2320	0	0.03802281368821293	T	A	526	526	20	17	3	505	294	211
2331	0	0.11235955056179775	G	A	267	269	30	30	0	237	122	115
2369	0	0.03543307086614173	A	T	254	256	9	9	0	240	59	181
2370	0	0.038461538461538464	C	A	208	209	8	8	0	197	77	120
2394	0	0.10662177328843996	A	G	891	896	95	56	39	794	390	404
2411	0	0.08235294117647059	C	T	1020	1026	84	45	39	933	489	444
2433	0	0.052845528455284556	C	T	246	277	13	0	13	233	179	54
2450	0	0.203125	A	T	64	64	13	0	13	49	48	1
2455	0	0.04065040650406504	G	A	123	123	5	1	4	118	6	112
2456	0	0.05384615384615385	A	G	130	130	7	0	7	123	3	120
2504	0	0.05238467552775606	G	A	1279	1280	67	67	0	1212	268	944
2525	0	0.0983397190293742	G	A	1566	1575	154	24	130	1408	135	1273
2535	0	0.040754716981132075	G	A	1325	1325	54	52	2	1268	250	1018
2541	0	0.047493403693931395	G	A	379	386	18	18	0	360	228	132
2606	0	0.14381270903010032	C	T	299	305	43	42	1	255	155	100
2607	0	0.06363636363636363	C	T	220	227	14	12	2	201	143	58
2648	0	0.15214180206794684	T	G	677	686	103	63	40	573	458	115
2654	0	0.08211678832116788	C	T	548	554	45	45	0	497	490	7
2655	0	0.05537459283387622	G	A	307	311	17	17	0	289	195	94
2773	0	0.08842443729903537	A	C	622	624	55	27	28	567	272	295
2781	0	0.14811715481171547	T	G	1195	1257	177	49	128	967	784	183
2797	0	0.031504065040650404	G	C	984	989	31	16	15	934	8	926
2811	0	0.03365384615384615	G	C	1456	1458	49	3	46	1403	942	461
2812	0	0.04291187739463601	T	A	1305	1343	56	0	56	1248	922	326
2828	0	0.16118769883351008	C	T	943	943	152	78	74	790	103	687
2839	0	0.030726256983240222	C	G	716	718	22	0	22	687	411	276
2842	0	0.26277372262773724	G	T	274	281	72	0	72	201	168	33
2864	0	0.11929595827900913	A	G	1534	1559	183	71	112	1350	325	1025
2922	0	0.17204301075268819	C	T	279	281	48	19	29	230	162	68
2923	0	0.057926829268292686	T	C	328	351	19	6	13	307	257	50
3038	0	0.08244111349036402	T	C	934	935	77	48	29	857	431	426
3039	0	0.030100334448160536	A	G	299	301	9	1	8	289	119	170
3050	0	0.08705357142857142	T	C	896	897	78	53	25	817	335	482
3052	0	0.053588516746411484	T	C	1045	1045	56	36	20	989	465	524
3058	0	0.030136986301369864	G	A	1095	1096	33	0	33	1061	230	831
3071	0	0.04853675945753034	A	G	1401	1407	68	33	35	1331	653	678
3101	0	0.03428571428571429	T	G	350	670	12	0	12	330	54	276
3110	0	0.05578884223155369	T	C	1667	1671	93	30	63	1573	547	1026
3123	0	0.037037037037037035	C	T	1134	1136	42	0	42	1090	720	370
3148	0	0.17381786339754815	T	C	2284	2287	397	129	268	1886	784	1102
3203	0	0.036855036855036855	G	A	407	415	15	13	2	392	1	391
3232	0	0.060941828254847646	C	T	361	364	22	1	21	336	327	9
3241	0	0.04285714285714286	T	C	420	525	18	1	17	402	374	28
3262	0	0.043689320388349516	A	G	206	217	9	7	2	197	3	194
3282	0	0.06277533039647577	A	G	908	908	57	21	36	851	238	613
3295	0	0.0398936170212766	A	G	752	753	30	7	23	720	182	538
3338	0	0.042232277526395176	T	C	663	665	28	1	27	635	518	117
3395	0	0.031341821743388835	T	C	1021	1026	32	1	31	988	591	397
3427	0	0.17355371900826447	G	A	1452	1453	252	252	0	1197	312	885
3432	0	0.030828516377649325	G	A	519	520	16	11	5	503	81	422
3433	0	0.04310344827586207	A	G	232	232	10	3	7	222	64	158
3435	0	0.04263565891472868	T	G	258	397	11	0	11	243	191	52
3451	0	0.04218600191754554	T	C	1043	1049	44	0	44	996	544	452
3473	0	0.05966724039013196	C	T	1743	1743	104	63	41	1638	1244	394
3518	0	0.055762081784386616	C	T	269	272	15	4	11	252	69	183
3566	0	0.056577086280056574	C	T	1414	1415	80	48	32	1333	689	644
3579	0	0.26356589147286824	G	T	387	408	102	1	101	280	258	22
3585	0	0.04712041884816754	C	T	191	200	9	0	9	181	169	12
3593	0	0.05680119581464873	C	T	1338	1338	76	56	20	1262	527	735
3605	0	0.07671232876712329	G	A	730	732	56	19	37	672	447	225
3617	0	0.05676442762535478	G	A	1057	1060	60	19	41	997	477	520
3650	0	0.03543307086614173	C	A	254	257	9	3	6	244	168	76
3713	0	0.052	G	A	250	251	13	13	0	235	124	111
3714	0	0.06007067137809187	C	T	283	286	17	1	16	265	217	48
3767	0	0.0707070707070707	A	T	396	409	28	5	23	362	190	172
3798	0	0.03551912568306011	G	A	366	370	13	13	0	352	114	238
3827	0	0.060790273556231005	C	T	987	1000	60	22	38	927	638	289
3836	0	0.09472049689440994	T	C	644	647	61	1	60	583	504	79
3850	0	0.037037037037037035	G	T	378	378	14	14	0	361	66	295
3856	0	0.041176470588235294	G	A	170	172	7	5	2	163	35	128
3886	0	0.03333333333333333	T	G	240	242	8	0	8	230	63	167
3887	0	0.04906542056074766	G	C	428	431	21	21	0	403	55	348
3943	0	0.04924242424242424	C	T	264	270	13	2	11	249	185	64
3986	0	0.07365439093484419	T	C	1059	1070	78	0	78	981	540	441
3989	0	0.04305396096440873	T	C	1742	1743	75	33	42	1666	726	940
4042	0	0.05585980284775466	T	C	913	927	51	1	50	859	576	283
4044	0	0.08118081180811808	C	T	542	564	44	0	44	496	257	239
4076	0	0.05714285714285714	C	G	420	428	24	1	23	392	374	18
4082	0	0.08503401360544217	G	T	294	297	25	22	3	269	64	205
4085	0	0.07713248638838476	T	C	1102	1102	85	52	33	1015	456	559
4094	0	0.41935483870967744	C	T	155	155	65	41	24	90	89	1
4105	0	0.06981981981981981	G	A	444	444	31	4	27	412	109	303
4106	0	0.08901515151515152	A	G	528	529	47	6	41	481	79	402
4113	0	0.05546218487394958	A	G	595	598	33	33	0	562	205	357
4153	0	0.0429553264604811	T	C	582	583	25	1	24	557	337	220
4197	0	0.035897435897435895	C	T	780	781	28	1	27	751	603	148
4210	0	0.043478260869565216	G	A	253	254	11	10	1	242	53	189
4214	0	0.17391304347826086	T	G	23	47	4	2	2	19	17	2
4218	0	0.03322259136212625	A	G	301	304	10	0	10	290	152	138
4234	0	0.07017543859649122	C	T	57	67	4	1	3	49	9	40
4238	0	0.1471861471861472	C	T	462	468	68	30	38	393	67	326
4242	0	0.04878048780487805	G	A	246	249	12	12	0	233	6	227
4259	0	0.039886039886039885	C	T	1404	1405	56	3	53	1347	973	374
4295	0	0.07524752475247524	A	G	2020	2036	152	95	57	1868	610	1258
4408	0	0.09019607843137255	A	G	510	516	46	4	42	464	242	222
4444	0	0.0577716643741403	T	C	727	728	42	0	42	685	571	114
4454	0	0.06631989596879063	G	A	769	769	51	17	34	718	256	462
4481	0	0.03115264797507788	G	A	963	964	30	5	25	933	455	478
4493	0	0.08249158249158249	C	T	1188	1191	98	47	51	1090	540	550
4501	0	0.056962025316455694	C	A	316	317	18	5	13	297	139	158
4502	0	0.09693877551020408	C	T	196	197	19	10	9	172	60	112
4503	0	0.03545051698670606	A	G	677	680	24	8	16	652	110	542
4523	0	0.1895424836601307	G	A	306	307	58	32	26	243	111	132
4536	0	0.05204460966542751	A	G	1345	1350	70	28	42	1274	516	758
4592	0	0.0552286102308737	A	G	2209	2211	122	80	42	2086	1057	1029
4595	0	0.06175514626218852	C	T	1846	1872	114	73	41	1730	1110	620
4658	0	0.1641025641025641	G	A	195	233	32	12	20	163	25	138
4698	0	0.036231884057971016	A	G	690	696	25	25	0	664	248	416
4725	0	0.03626943005181347	G	T	193	195	7	7	0	185	24	161
4726	0	0.05555555555555555	T	C	54	77	3	2	1	50	43	7
4733	0	0.08622754491017964	T	C	835	835	72	35	37	761	522	239
4751	0	0.09935483870967741	T	C	775	777	77	43	34	698	535	163
4757	0	0.04804270462633452	T	C	562	568	27	0	27	532	429	103
4775	0	0.06321839080459771	A	G	174	179	11	0	11	163	30	133
4776	0	0.04747774480712166	G	C	337	344	16	0	16	320	122	198
4867	0	0.10846560846560846	T	C	378	406	41	0	41	337	313	24
4883	0	0.04149590163934426	T	C	1952	1956	81	61	20	1871	1382	489
4919	0	0.20388349514563106	C	G	309	330	63	13	50	244	68	176
4927	0	0.03153988868274583	G	A	539	546	17	12	5	521	3	518
4985	0	0.046296296296296294	A	G	324	397	15	15	0	307	14	293
4988	0	0.11073253833049404	G	A	587	587	65	26	39	521	99	422
5000	0	0.057190916736753576	T	C	1189	1191	68	17	51	1121	504	617
5032	0	0.03982300884955752	T	C	226	248	9	0	9	216	73	143
5036	0	0.06545454545454546	C	T	825	825	54	23	31	769	530	239
5060	0	0.03753609239653513	T	C	1039	1039	39	25	14	999	632	367
5066	0	0.07310344827586207	C	T	725	726	53	14	39	670	333	337
5087	0	0.07	C	T	400	403	28	15	13	348	278	70
5088	0	0.18658892128279883	G	A	343	345	64	64	0	270	80	190
5096	0	0.04988913525498891	T	C	902	903	45	17	28	856	594	262
5100	0	0.03816793893129771	A	G	524	524	20	20	0	503	170	333
5156	0	0.05946601941747573	C	T	824	824	49	29	20	775	430	345
5171	0	0.03353658536585366	G	A	1640	1677	55	50	5	1585	3	1582
5189	0	0.04282315622521808	A	G	1261	1268	54	53	1	1205	389	816
5211	0	0.04094631483166515	A	G	1099	1105	45	1	44	1054	599	455
5256	0	0.03022162525184688	A	C	1489	1489	45	44	1	1441	573	868
5257	0	0.031291908806437195	C	A	2237	2249	70	66	4	2166	1190	976
5267	0	0.0712143928035982	T	C	1334	1339	95	11	84	1235	987	248
5269	0	0.038620689655172416	C	T	1450	1474	56	1	55	1384	1202	182
5272	0	0.031067961165048542	T	A	1545	1648	48	0	48	1476	1312	164
5315	0	0.10256410256410256	G	A	975	975	100	10	90	874	123	751
5369	0	0.47051442910915936	C	T	797	798	375	167	208	416	336	80
5375	0	0.1801526717557252	A	G	1965	1966	354	182	172	1611	784	827
5387	0	0.1855176540993417	C	T	1671	1674	310	171	139	1360	779	581
5502	0	0.0324773413897281	G	A	1324	1331	43	43	0	1280	357	923
5543	0	0.043137254901960784	G	A	1530	1532	66	66	0	1463	278	1185
5545	0	0.03993203058623619	C	T	1177	1181	47	0	47	1129	817	312
5561	0	0.05143338954468803	C	T	2372	2372	122	67	55	2248	1301	947
5591	0	0.09885057471264368	T	C	870	879	86	63	23	784	608	176
5680	0	0.2548449612403101	C	T	1032	1090	263	141	122	769	696	73
5717	0	0.10602205258693809	C	T	1179	1180	125	35	90	1052	422	630
5806	0	0.034482758620689655	C	A	1914	1915	66	5	61	1846	1075	771
5817	0	0.03878787878787879	G	A	825	848	32	28	4	793	15	778
5828	0	0.07270083605961468	T	C	2751	2751	200	169	31	2550	1441	1109
5871	0	0.03296703296703297	G	A	728	738	24	24	0	703	103	600
5906	0	0.03558718861209965	G	A	281	296	10	10	0	266	96	170
5915	0	0.03768115942028986	A	G	345	347	13	13	0	332	218	114
5982	0	0.06417112299465241	A	G	187	190	12	6	6	175	5	170
6002	0	0.20803782505910165	T	C	423	441	88	20	68	332	132	200
6053	0	0.03024193548387097	T	C	496	518	15	2	13	479	277	202
6056	0	0.13137032842582105	C	T	883	886	116	45	71	766	359	407
6075	0	0.0416221985058698	C	T	937	957	39	0	39	895	390	505
6092	0	0.0906515580736544	C	T	1765	1791	160	146	14	1603	1321	282
6101	0	0.11366838891498356	T	C	2129	2129	242	142	100	1885	1149	736
6162	0	0.10267857142857142	G	A	1568	1569	161	161	0	1405	126	1279
6164	0	0.06182572614107884	C	T	2410	2412	149	63	86	2258	1137	1121
6183	0	0.05	C	T	180	182	9	3	6	170	153	17
6195	0	0.0438871473354232	C	A	319	321	14	14	0	305	194	111
6279	0	0.060836501901140684	T	C	263	271	16	3	13	247	141	106
6363	0	0.07099391480730223	C	T	986	987	70	32	38	916	389	527
6443	0	0.12439024390243902	G	A	410	413	51	12	39	357	129	228
6452	0	0.04892367906066536	C	T	1022	1022	50	23	27	969	750	219
6459	0	0.043478260869565216	A	G	46	46	2	0	2	44	18	26
6462	0	0.03333333333333333	A	G	30	30	1	1	0	29	4	25
6463	0	0.045454545454545456	G	A	22	22	1	1	0	21	0	21
6470	0	0.08333333333333333	G	A	36	36	3	3	0	33	6	27
6479	0	0.07142857142857142	A	G	14	17	1	1	0	12	0	12
6481	0	0.1111111111111111	T	G	9	16	1	0	1	8	3	5
6529	0	0.034482758620689655	A	G	29	29	1	1	0	28	1	27
6547	0	0.15	T	C	20	20	3	0	3	17	17	0
6550	0	0.03125	C	T	32	32	1	1	0	31	25	6
6552	0	0.030303030303030304	G	A	33	33	1	0	1	32	16	16
6568	0	0.04878048780487805	A	G	41	41	2	2	0	39	2	37
6584	0	0.03125	T	C	32	32	1	1	0	31	22	9
6599	0	0.10256410256410256	G	A	39	39	4	4	0	35	6	29
6608	0	0.037037037037037035	G	A	27	27	1	1	0	26	6	20
6621	0	0.058823529411764705	G	A	34	34	2	2	0	32	6	26
6637	0	0.03125	T	G	32	32	1	1	0	31	23	8
6638	0	0.03225806451612903	G	T	31	31	1	1	0	30	19	11
6699	0	0.032171581769437	G	A	373	378	12	12	0	360	253	107
6746	0	0.07253269916765755	C	T	841	852	61	13	48	779	556	223
6839	0	0.045454545454545456	G	A	132	139	6	6	0	124	16	108
6840	0	0.035555555555555556	C	A	225	250	8	6	2	216	164	52
6890	0	0.13131313131313133	A	G	594	627	78	49	29	516	166	350
6944	0	0.11990407673860912	G	A	417	423	50	49	1	367	0	367
6985	0	0.06406926406926407	C	A	1155	1157	74	0	74	1080	799	281
6989	0	0.06011183597390494	C	T	2146	2148	129	73	56	2016	1162	854
6993	0	0.030848329048843187	G	A	1167	1182	36	35	1	1131	692	439
7037	0	0.05981235340109461	C	T	2558	2558	153	106	47	2405	1317	1088
7049	0	0.10396039603960396	C	T	1414	1418	147	114	33	1266	753	513
7050	0	0.09986504723346828	T	C	1482	1491	148	118	30	1332	704	628
7085	0	0.03197158081705151	A	G	563	569	18	18	0	545	170	375
7094	0	0.15571428571428572	C	T	700	700	109	82	27	591	533	58
7108	0	0.49173553719008267	A	T	242	244	119	119	0	121	54	67
7148	0	0.10697674418604651	T	C	860	862	92	54	38	768	399	369
7151	0	0.13996316758747698	C	T	543	543	76	47	29	467	168	299
7155	0	0.042042042042042045	G	A	666	666	28	28	0	637	92	545
7156	0	0.09297520661157024	G	A	484	484	45	45	0	437	98	339
7157	0	0.038781163434903045	C	T	361	362	14	10	4	339	310	29
7175	0	0.09670079635949944	C	T	879	883	85	52	33	794	407	387
7200	0	0.04112554112554113	C	T	462	463	19	0	19	437	415	22
7204	0	0.03943661971830986	T	C	355	356	14	2	12	341	169	172
7234	0	0.07142857142857142	T	G	98	140	7	0	7	90	9	81
7240	0	0.07453416149068323	T	C	161	181	12	0	12	149	32	117
7293	0	0.051173991571342566	C	T	1661	1664	85	3	82	1576	1334	242
7379	0	0.06183574879227053	T	C	1035	1057	64	0	64	971	709	262
7407	0	0.14173228346456693	C	A	127	135	18	18	0	109	28	81
7410	0	0.03333333333333333	G	T	270	274	9	9	0	256	194	62
7447	0	0.07664233576642336	T	A	274	277	21	0	21	251	185	66
7451	0	0.11392405063291139	C	T	553	557	63	46	17	490	320	170
7455	0	0.037096774193548385	T	C	620	626	23	0	23	597	481	116
7488	0	0.08571428571428572	T	G	70	73	6	3	3	63	53	10
7493	0	0.1044776119402985	G	T	268	268	28	15	13	240	137	103
7505	0	0.1111111111111111	T	C	711	729	79	43	36	632	518	114
7517	0	0.08399366085578447	C	T	631	632	53	39	14	578	236	342
7538	0	0.04265402843601896	A	G	633	634	27	17	10	605	171	434
7568	0	0.0907563025210084	T	C	595	617	54	35	19	541	310	231
7577	0	0.09745127436281859	T	C	2001	2013	195	154	41	1806	1278	528
7596	0	0.2838427947598253	A	T	229	249	65	57	8	150	148	2
7597	0	0.03253796095444685	G	A	461	471	15	15	0	439	380	59
7604	0	0.07107601184600197	T	C	1013	1014	72	29	43	940	610	330
7607	0	0.04744525547445255	C	T	274	288	13	0	13	261	196	65
7617	0	0.04032258064516129	G	A	124	132	5	5	0	119	92	27
7624	0	0.04208416833667335	T	C	499	531	21	20	1	478	327	151
7652	0	0.06995412844036697	C	T	872	876	61	0	61	802	422	380
7673	0	0.03503184713375796	T	G	628	650	22	4	18	603	441	162
7713	0	0.09777777777777778	T	C	675	675	66	38	28	609	241	368
7732	0	0.03015075376884422	T	C	199	203	6	0	6	191	173	18
7806	0	0.03972602739726028	G	A	730	730	29	29	0	701	291	410
7817	0	0.052941176470588235	G	A	340	356	18	16	2	321	98	223
7826	0	0.04903225806451613	T	C	775	779	38	21	17	737	522	215
7870	0	0.1274131274131274	G	A	518	519	66	66	0	443	153	290
7887	0	0.1513353115727003	T	C	337	366	51	0	51	283	100	183
7916	0	0.21373390557939914	C	T	1165	1169	249	149	100	910	578	332
7919	0	0.03214285714285714	A	G	280	291	9	3	6	267	37	230
7937	0	0.07385892116182573	C	T	1205	1207	89	49	40	1116	592	524
7939	0	0.07711138310893513	T	C	1634	1637	126	58	68	1508	693	815
7962	0	0.04154727793696275	G	A	698	746	29	29	0	667	2	665
8007	0	0.08842105263157894	G	A	475	475	42	23	19	433	226	207
8048	0	0.12903225806451613	G	A	155	157	20	20	0	135	1	134
8050	0	0.056	G	T	125	126	7	7	0	118	11	107
8097	0	0.03508771929824561	C	T	285	285	10	0	10	275	180	95
8105	0	0.05389221556886228	C	T	668	669	36	26	10	631	380	251
8108	0	0.04885057471264368	A	G	348	358	17	17	0	328	104	224
8124	0	0.032989690721649485	A	G	485	493	16	16	0	469	179	290
8185	0	0.060240963855421686	A	G	166	166	10	0	10	155	101	54
8220	0	0.03333333333333333	T	A	750	753	25	0	25	724	651	73
8310	0	0.058823529411764705	T	C	289	290	17	2	15	272	215	57
8387	0	0.27884615384615385	C	T	208	242	58	43	15	149	132	17
8390	0	0.07666666666666666	G	T	300	305	23	0	23	274	200	74
8396	0	0.14454976303317535	C	T	422	424	61	0	61	360	256	104
8408	0	0.2611683848797251	T	C	291	294	76	5	71	215	122	93
8429	0	0.1562913907284768	G	A	755	760	118	25	93	635	229	406
8461	0	0.05932932072226999	C	T	1163	1164	69	0	69	1094	1046	48
8471	0	0.038696537678207736	C	T	491	494	19	0	19	472	310	162
8483	0	0.03651685393258427	T	C	356	436	13	0	13	343	275	68
8516	0	0.03925992779783394	A	G	2216	2223	87	21	66	2128	883	1245
8571	0	0.03826086956521739	A	G	575	618	22	19	3	552	257	295
8597	0	0.08494208494208494	T	C	518	531	44	18	26	471	352	119
8610	0	0.04568527918781726	C	A	197	214	9	3	6	188	123	65
8637	0	0.0995850622406639	G	A	241	242	24	24	0	216	73	143
8723	0	0.04267425320056899	G	A	703	705	30	30	0	672	186	486
8728	0	0.05639097744360902	G	A	532	535	30	28	2	502	1	501
8745	0	0.05517241379310345	G	T	145	149	8	8	0	136	88	48
8755	0	0.05572755417956656	G	A	323	329	18	13	5	303	242	61
8757	0	0.030042918454935622	G	T	699	700	21	20	1	677	294	383
8765	0	0.031007751937984496	C	A	1032	1046	32	25	7	996	862	134
8769	0	0.0528169014084507	C	A	568	569	30	28	2	537	63	474
8785	0	0.04117108874656908	A	G	1093	1097	45	44	1	1047	238	809
8820	0	0.0392156862745098	G	A	918	930	36	32	4	880	9	871
8823	0	0.10469909315746084	C	T	1213	1215	127	43	84	1084	593	491
8825	0	0.03880597014925373	A	G	670	681	26	24	2	636	261	375
8839	0	0.03021499128413713	G	A	1721	1726	52	51	1	1665	456	1209
8852	0	0.07209847596717468	C	T	1706	1708	123	84	39	1577	903	674
8888	0	0.06564551422319474	T	C	914	915	60	7	53	853	451	402
8897	0	0.036585365853658534	A	G	164	167	6	6	0	157	144	13
8922	0	0.04424778761061947	G	A	452	459	20	14	6	432	2	430
8980	0	0.04564315352697095	A	G	482	490	22	9	13	460	231	229
9038	0	0.03195488721804511	A	G	532	537	17	7	10	515	305	210
9043	0	0.03161397670549085	G	A	601	612	19	16	3	582	0	582
9098	0	0.07632311977715878	T	C	1795	1795	137	54	83	1657	856	801
9107	0	0.04656862745098039	A	G	408	425	19	19	0	388	379	9
9114	0	0.10918114143920596	A	G	806	833	88	88	0	717	329	388
9115	0	0.0348993288590604	G	A	745	751	26	26	0	719	331	388
9168	0	0.03529411764705882	A	G	425	444	15	10	5	410	10	400
9176	0	0.06857785272625071	C	T	1779	1784	122	45	77	1650	736	914
9200	0	0.04	G	A	900	903	36	30	6	864	601	263
9225	0	0.12040133779264214	C	T	897	897	108	66	42	789	251	538
9242	0	0.09405255878284924	T	C	723	726	68	30	38	654	452	202
9272	0	0.08373435996150144	C	T	1039	1039	87	44	43	952	445	507
9277	0	0.041025641025641026	C	T	780	780	32	0	32	748	651	97
9296	0	0.13110846245530394	T	C	839	839	110	63	47	727	129	598
9344	0	0.034375	G	A	320	331	11	6	5	309	6	303
9380	0	0.0653950953678474	G	A	367	369	24	22	2	341	172	169
9414	0	0.04745762711864407	A	G	885	904	42	14	28	842	208	634
9429	0	0.08662900188323917	G	A	531	534	46	11	35	485	62	423
9431	0	0.051933701657458566	G	A	905	905	47	7	40	858	109	749
9434	0	0.03399668325041459	A	G	2412	2414	82	7	75	2329	1129	1200
9455	0	0.06125080593165699	G	A	1551	1553	95	25	70	1456	339	1117
9469	0	0.03170028818443804	G	A	347	357	11	1	10	336	252	84
9677	0	0.20410783055198972	G	A	779	788	159	67	92	611	38	573
9713	0	0.035538005923000986	C	T	1013	1073	36	15	21	977	857	120
9758	0	0.04451510333863275	A	G	629	629	28	4	24	594	131	463
9818	0	0.2217573221757322	G	A	239	273	53	53	0	186	5	181
9834	0	0.050505050505050504	G	A	198	202	10	10	0	187	120	67
9884	0	0.08444022770398482	G	A	1054	1054	89	21	68	965	467	498
9887	0	0.06288751107174491	C	T	1129	1130	71	41	30	1058	477	581
9896	0	0.15953307392996108	T	A	514	516	82	32	50	431	226	205
9899	0	0.18316831683168316	A	G	202	221	37	31	6	164	76	88
9928	0	0.04332129963898917	C	T	277	284	12	0	12	262	137	125
9934	0	0.05191256830601093	T	C	366	381	19	1	18	344	122	222
9994	0	0.0384900074019245	T	C	1351	1368	52	0	52	1299	754	545
10193	0	0.05263157894736842	A	G	494	495	26	6	20	468	242	226
10198	0	0.10695187165775401	G	A	187	191	20	2	18	167	26	141
10217	0	0.07741935483870968	A	G	775	777	60	34	26	713	447	266
10226	0	0.06976744186046512	A	G	172	176	12	12	0	160	115	45
10281	0	0.10243055555555555	G	A	1152	1152	118	61	57	1031	561	470
10286	0	0.13191489361702127	C	T	470	476	62	44	18	407	200	207
10310	0	0.04054054054054054	G	T	296	297	12	12	0	282	16	266
10314	0	0.046462513199577615	A	G	947	948	44	32	12	903	451	452
10319	0	0.06876790830945559	C	T	698	699	48	6	42	648	596	52
10324	0	0.0649895178197065	T	C	477	524	31	0	31	444	332	112
10342	0	0.03048780487804878	A	T	328	332	10	10	0	316	221	95
10349	0	0.13043478260869565	T	C	483	485	63	36	27	418	151	267
10360	0	0.05918367346938776	C	T	490	491	29	1	28	461	280	181
10361	0	0.12359550561797752	T	C	445	465	55	26	29	390	249	141
10376	0	0.10754716981132076	G	A	530	530	57	33	24	472	386	86
10459	0	1.0	A	C	1	1	1	1	0	0	0	0
10489	0	0.5	G	C	2	2	1	1	0	1	1	0
